0.000422079000000 0.005011480000000 0.015841000000000 0.004687500000000 0.027095300000000 
0.015551400000000 0.000000000000000 0.000345072000000 0.003929790000000 0.008631170000000 
0.012663200000000 0.014875600000000 0.020473000000000 0.001769380000000 0.004811320000000 
0.065094700000000 0.004539430000000 0.052374600000000 0.063613900000000 0.046936900000000 
0.000000000000000 0.000163467000000 0.000000000000000 0.000000000000000 0.000000000000000 
0.000691844000000 0.006506770000000 0.003989360000000 0.000000000000000 0.001427000000000 
0.032522300000000 0.000000000000000 0.004643580000000 0.007123310000000 0.031902800000000 
0.001988230000000 0.000000000000000 0.003374670000000 0.000000000000000 0.003194550000000 
0.000000000000000 0.000000000000000 0.000000000000000 0.015713400000000 0.002320090000000 
0.011666700000000 0.022847000000000 0.002562910000000 0.000000000000000 0.000221961000000 
0.050678500000000 0.089344700000000 0.038681200000000 0.022590800000000 0.023979800000000 
0.009474020000000 0.002164230000000 0.031909200000000 0.041046400000000 0.023229700000000 
0.000000000000000 0.015726700000000 0.000070268700000 0.000000000000000 0.000000000000000 
0.000000000000000 0.015947700000000 0.006892890000000 0.003192150000000 0.011488300000000 
0.000000000000000 0.000000000000000 0.001839970000000 0.003936400000000 0.005303480000000 
0.029502300000000 0.010222000000000 0.012333000000000 0.001407300000000 0.014140500000000 
0.002301770000000 0.000000000000000 0.000000000000000 0.000899156000000 0.000000000000000 
0.016039700000000 0.092249300000000 0.010995600000000 0.100611000000000 0.036019200000000 
0.063442700000000 0.075659000000000 0.107077000000000 0.031600900000000 0.046279300000000 
0.013977900000000 0.041991300000000 0.018813200000000 0.000000000000000 0.000615167000000 
0.012332200000000 0.046552600000000 0.003535010000000 0.000000000000000 0.001344100000000 
0.009536330000000 0.000582399000000 0.046675500000000 0.024325700000000 0.032344200000000 
0.005202490000000 0.000121770000000 0.009179970000000 0.002565680000000 0.001991700000000 
0.000000000000000 0.000000000000000 0.000000000000000 0.000000000000000 0.000000000000000 
0.024595600000000 0.025944300000000 0.008397530000000 0.000899276000000 0.000000000000000 
0.055426300000000 0.021945200000000 0.021975100000000 0.022006800000000 0.024783700000000 
0.006613090000000 0.000000000000000 0.010346700000000 0.049574300000000 0.020875100000000 
0.000000000000000 0.000422632000000 0.013390300000000 0.050739200000000 0.027585900000000 
0.003727600000000 0.000000000000000 0.003588850000000 0.043288000000000 0.046756900000000 
0.014720700000000 0.022544700000000 0.000259860000000 0.009891140000000 0.004640540000000 
0.016896400000000 0.001103820000000 0.012542100000000 0.036496800000000 0.012755800000000 
0.001616850000000 0.000000000000000 0.003312110000000 0.001964690000000 0.006015480000000 
0.055870800000000 0.044516800000000 0.014773100000000 0.001932190000000 0.014708400000000 
0.029965700000000 0.106214000000000 0.011310600000000 0.027636500000000 0.008862460000000 
0.022064800000000 0.000000000000000 0.011176500000000 0.008550400000000 0.010802400000000 
0.005497730000000 0.015703000000000 0.001132200000000 0.000000000000000 0.000000000000000 
0.025622600000000 0.116684000000000 0.046635900000000 0.006167700000000 0.020405500000000 
0.000100790000000 0.041688000000000 0.000000000000000 0.000344430000000 0.000089886400000 
0.033236300000000 0.000000000000000 0.060866700000000 0.037034400000000 0.062040000000000 
0.000000000000000 0.000000000000000 0.000000000000000 0.000149367000000 0.002719800000000 
0.031072300000000 0.000000000000000 0.034532100000000 0.075816300000000 0.051542500000000 
0.002694870000000 0.000000000000000 0.000965948000000 0.010703500000000 0.011655400000000 
0.002615280000000 0.010350700000000 0.017554100000000 0.007833630000000 0.024926900000000 
0.000000000000000 0.000000000000000 0.000000000000000 0.000000000000000 0.000000000000000 
0.002906170000000 0.000000000000000 0.000000000000000 0.000000000000000 0.000000000000000 
0.008282100000000 0.000000000000000 0.007329360000000 0.000000000000000 0.005202770000000 
0.000000000000000 0.000000000000000 0.000000000000000 0.000000000000000 0.000000000000000 
0.003266940000000 0.001909930000000 0.001125260000000 0.002874070000000 0.000000000000000 
0.000000000000000 0.039382300000000 0.067268100000000 0.073139300000000 0.023259300000000 
0.000003844850000 0.008535860000000 0.001322450000000 0.000000000000000 0.000000000000000 
0.003025850000000 0.000000000000000 0.008540310000000 0.000217050000000 0.000000000000000 
0.000000000000000 0.000000000000000 0.000000000000000 0.000000000000000 0.000000000000000 
0.007654160000000 0.116159000000000 0.000000000000000 0.000000000000000 0.000000000000000 
0.000000000000000 0.000000000000000 0.000000000000000 0.000000000000000 0.000000000000000 
0.000000000000000 0.006851690000000 0.005179220000000 0.000000000000000 0.000000000000000 
0.083129600000000 0.000000000000000 0.037397300000000 0.049875600000000 0.095027400000000 
0.015995100000000 0.000189000000000 0.020677800000000 0.000413614000000 0.027628400000000 
0.000000000000000 0.000000000000000 0.000000000000000 0.000930232000000 0.000000000000000 
0.001348300000000 0.029403800000000 0.000000000000000 0.000000000000000 0.000000000000000 
0.014033000000000 0.002560160000000 0.040849000000000 0.036040900000000 0.054802800000000 
0.035740300000000 0.016220500000000 0.021738800000000 0.012153100000000 0.024348200000000 
0.000288086000000 0.000000000000000 0.003997370000000 0.000000000000000 0.002614780000000 
0.000000000000000 0.000311092000000 0.000000000000000 0.008156770000000 0.000424063000000 
0.000000000000000 0.000000000000000 0.000000000000000 0.000029791600000 0.000000000000000 
0.000303948000000 0.000000000000000 0.007268230000000 0.002333320000000 0.000000000000000 
0.008007400000000 0.014541300000000 0.000096729700000 0.000000000000000 0.000664631000000 
0.000000000000000 0.000000000000000 0.000652801000000 0.000020409200000 0.012427300000000 
0.036316100000000 0.000131251000000 0.043350100000000 0.041008200000000 0.066744400000000 
0.000000000000000 0.000289943000000 0.003775420000000 0.007783240000000 0.000143141000000 
0.003724610000000 0.053181200000000 0.000650001000000 0.012903500000000 0.000626817000000 
0.000000000000000 0.010473400000000 0.000000000000000 0.003032710000000 0.009028490000000 
0.003142830000000 0.020123100000000 0.017392600000000 0.035056600000000 0.050280400000000 
0.000579084000000 0.000000000000000 0.005050030000000 0.006579930000000 0.002321190000000 
0.004404820000000 0.015681100000000 0.016359700000000 0.054290100000000 0.035498100000000 
0.078814000000000 0.000027656700000 0.119723000000000 0.136008000000000 0.070687400000000 
0.002086760000000 0.016548500000000 0.000000000000000 0.000000000000000 0.000000000000000 
0.000000000000000 0.000567255000000 0.002828220000000 0.000000000000000 0.000000000000000 
0.059999900000000 0.020743800000000 0.050696100000000 0.011663800000000 0.009125130000000 
0.003477030000000 0.002944480000000 0.014462500000000 0.044275900000000 0.005920830000000 
0.000788150000000 0.000000000000000 0.002078710000000 0.000000000000000 0.000000000000000 
0.011614900000000 0.002230950000000 0.030103800000000 0.018299300000000 0.017386800000000 
0.004279970000000 0.061351200000000 0.046101800000000 0.040965500000000 0.043253300000000 
0.001416130000000 0.003757060000000 0.015247600000000 0.007542400000000 0.023263100000000 
0.080679000000000 0.009078150000000 0.050009900000000 0.021328700000000 0.063602900000000 
0.000000000000000 0.000000000000000 0.000435430000000 0.033788000000000 0.021506400000000 
0.001517920000000 0.013175100000000 0.000138758000000 0.000032054800000 0.000000000000000 
0.097601000000000 0.116465000000000 0.170144000000000 0.103410000000000 0.068317000000000 
0.000000000000000 0.000000000000000 0.010733400000000 0.000000000000000 0.000000000000000 
0.011094500000000 0.016678600000000 0.014197400000000 0.029041300000000 0.010117700000000 
0.010002400000000 0.000000000000000 0.001267150000000 0.001909740000000 0.001100090000000 
0.000000000000000 0.000000000000000 0.000000000000000 0.000000000000000 0.000000000000000 
0.007062660000000 0.000000000000000 0.000000000000000 0.000000000000000 0.000000000000000 
0.001556290000000 0.000028298000000 0.013327800000000 0.063738100000000 0.043917400000000 
0.009679450000000 0.025007400000000 0.009408740000000 0.001965470000000 0.002975110000000 
0.000183536000000 0.001995530000000 0.000621041000000 0.000647663000000 0.000000000000000 
0.002707920000000 0.002538200000000 0.064210500000000 0.013685200000000 0.007786850000000 
0.000000000000000 0.000000000000000 0.000000000000000 0.000000000000000 0.000000102535000 
0.003434730000000 0.002163260000000 0.002860010000000 0.000000000000000 0.000000000000000 
0.009374280000000 0.065482800000000 0.028783800000000 0.010358000000000 0.002701410000000 
0.000000000000000 0.008209060000000 0.000000000000000 0.000000000000000 0.000000000000000 
0.009679240000000 0.028796400000000 0.011659200000000 0.004485240000000 0.007327420000000 
0.036246100000000 0.013781500000000 0.005408640000000 0.032438700000000 0.019529900000000 
0.000736723000000 0.000000000000000 0.000685859000000 0.000065635100000 0.016741500000000 
0.000000000000000 0.002643870000000 0.000000000000000 0.000071979800000 0.000000000000000 
0.000000000000000 0.007907450000000 0.000000000000000 0.000000000000000 0.000000000000000 
0.008458420000000 0.000255746000000 0.000744137000000 0.000287076000000 0.000000000000000 
0.000000000000000 0.007404890000000 0.000000000000000 0.000000000000000 0.003882290000000 
0.001745980000000 0.000000000000000 0.007753690000000 0.002838840000000 0.010134000000000 
0.014235500000000 0.033846000000000 0.001748910000000 0.000301645000000 0.001915840000000 
0.000240351000000 0.003978360000000 0.000000000000000 0.000000000000000 0.000000000000000 
0.034405100000000 0.000000000000000 0.059248400000000 0.087797600000000 0.051834000000000 
0.042708000000000 0.000000000000000 0.005176380000000 0.000204973000000 0.008822620000000 
0.000000000000000 0.000000000000000 0.000109675000000 0.000000000000000 0.004425390000000 
0.029914600000000 0.000143430000000 0.043143700000000 0.042567500000000 0.018199500000000 
0.040427900000000 0.058814500000000 0.009242360000000 0.011443400000000 0.007227060000000 
0.000000000000000 0.000016229100000 0.006314160000000 0.010317600000000 0.015547600000000 
0.000000000000000 0.000000000000000 0.000000000000000 0.000241498000000 0.000000000000000 
0.003654670000000 0.000102004000000 0.063695800000000 0.016236300000000 0.001259690000000 
0.000000000000000 0.000000000000000 0.000000000000000 0.004943530000000 0.000000000000000 
0.000000000000000 0.000000000000000 0.002563850000000 0.000000000000000 0.000000000000000 
0.013291100000000 0.018827900000000 0.015569900000000 0.022387000000000 0.031484400000000 
0.006252470000000 0.002195350000000 0.000947491000000 0.001797540000000 0.004222580000000 
0.076908600000000 0.022703600000000 0.031140300000000 0.005022980000000 0.000873946000000 
0.000104800000000 0.000000000000000 0.000000000000000 0.000000000000000 0.000000000000000 
0.003103350000000 0.018717300000000 0.004173600000000 0.004119310000000 0.006263940000000 
0.031302400000000 0.033816300000000 0.018073100000000 0.008414590000000 0.005532570000000 
0.010641600000000 0.055274300000000 0.024501300000000 0.001557050000000 0.011288300000000 
0.018701100000000 0.000000000000000 0.010756300000000 0.000000000000000 0.009686010000000 
0.000000000000000 0.000000000000000 0.000253089000000 0.001711580000000 0.000000000000000 
0.057077500000000 0.000553439000000 0.031215600000000 0.025769600000000 0.045016900000000 
0.026595300000000 0.012443300000000 0.024307100000000 0.013467100000000 0.008436000000000 
0.000000000000000 0.000000000000000 0.038299600000000 0.085729000000000 0.051521400000000 
0.060919300000000 0.053610000000000 0.078964000000000 0.026703200000000 0.095457400000000 
0.000000000000000 0.000000000000000 0.008189890000000 0.018501100000000 0.000000000000000 
0.000000000000000 0.000000000000000 0.000253241000000 0.000000000000000 0.000053821900000 
0.017241700000000 0.000344251000000 0.008972120000000 0.002486510000000 0.016512000000000 
0.000000000000000 0.057212500000000 0.014593600000000 0.001466200000000 0.000661851000000 
0.061802600000000 0.013209700000000 0.061839600000000 0.065252900000000 0.029014000000000 
0.025908600000000 0.003797740000000 0.006944930000000 0.000208364000000 0.004451140000000 
0.000009117190000 0.000000000000000 0.002511900000000 0.000000000000000 0.000000000000000 
0.000000000000000 0.000000000000000 0.000389079000000 0.000000000000000 0.000766780000000 
0.003212220000000 0.022996600000000 0.009086240000000 0.024931200000000 0.001847330000000 
0.000783897000000 0.000929439000000 0.017382900000000 0.006120550000000 0.014458100000000 
0.000000000000000 0.000000000000000 0.000000000000000 0.000000000000000 0.000000000000000 
0.018637200000000 0.047163500000000 0.009567240000000 0.009524620000000 0.009096260000000 
0.014175500000000 0.008294670000000 0.018200300000000 0.008049580000000 0.012734700000000 
0.002140360000000 0.000000000000000 0.015367400000000 0.000000000000000 0.000215843000000 
0.000740037000000 0.017160600000000 0.010760300000000 0.012114000000000 0.055860900000000 
0.063709000000000 0.041233100000000 0.020885600000000 0.068113300000000 0.008419980000000 
0.005039940000000 0.002940900000000 0.045809100000000 0.028792100000000 0.023375700000000 
0.005003010000000 0.007539160000000 0.034833500000000 0.018359900000000 0.033972200000000 
0.000000000000000 0.000000000000000 0.005598060000000 0.007232510000000 0.014770400000000 
0.002083270000000 0.000978930000000 0.005566490000000 0.005470070000000 0.004342970000000 
0.002283740000000 0.000000000000000 0.003022440000000 0.000000000000000 0.000000000000000 
0.000148643000000 0.000000000000000 0.007288750000000 0.000000000000000 0.000019615600000 
0.002915770000000 0.000000000000000 0.037355200000000 0.026669700000000 0.014758700000000 
0.064326400000000 0.002837710000000 0.116979000000000 0.148914000000000 0.190492000000000 
0.006713580000000 0.071785600000000 0.028296300000000 0.011030800000000 0.009684100000000 
0.001031670000000 0.000000000000000 0.025911000000000 0.001124820000000 0.020392900000000 
0.000000000000000 0.087726500000000 0.001496080000000 0.024938000000000 0.000000000000000 
0.000000000000000 0.092222900000000 0.000108146000000 0.002454090000000 0.000764507000000 
0.021347900000000 0.000000000000000 0.072511300000000 0.083829400000000 0.120683000000000 
0.024972000000000 0.000000000000000 0.070609800000000 0.161725000000000 0.136654000000000 
0.055042700000000 0.058092200000000 0.041558900000000 0.038474300000000 0.002111800000000 
0.003097260000000 0.000000000000000 0.000425693000000 0.002923860000000 0.002255620000000 
0.000506160000000 0.000000000000000 0.000000000000000 0.006298710000000 0.004165970000000 
0.044487700000000 0.010372000000000 0.032006300000000 0.040806100000000 0.042087500000000 
0.000000000000000 0.003969460000000 0.000000000000000 0.000000000000000 0.000000000000000 
0.002145100000000 0.005197730000000 0.042659300000000 0.046750400000000 0.029126400000000 
0.000026612100000 0.013266300000000 0.038734500000000 0.067489400000000 0.035053800000000 
0.000000000000000 0.000026873800000 0.000000000000000 0.000000000000000 0.000480364000000 
0.038096200000000 0.079513600000000 0.100717000000000 0.123995000000000 0.149948000000000 
0.000000000000000 0.012867800000000 0.000000000000000 0.000000000000000 0.000000000000000 
0.001911030000000 0.000000000000000 0.000000000000000 0.000000000000000 0.000000000000000 
0.000000000000000 0.000000000000000 0.000000000000000 0.000000000000000 0.000000000000000 
0.056031600000000 0.039550500000000 0.070289100000000 0.057716600000000 0.043615700000000 
0.001090700000000 0.000000000000000 0.018474000000000 0.019885900000000 0.018914700000000 
0.000978939000000 0.018953600000000 0.000000000000000 0.000148321000000 0.000000000000000 
0.000000000000000 0.000000000000000 0.000000000000000 0.001058570000000 0.000000000000000 
0.013866100000000 0.003725900000000 0.029066600000000 0.034583500000000 0.046584400000000 
0.005755090000000 0.000000000000000 0.008921710000000 0.000832004000000 0.000000000000000 
0.049950400000000 0.000000000000000 0.117209000000000 0.091041500000000 0.111381000000000 
0.010841200000000 0.000000000000000 0.001722620000000 0.024838300000000 0.003314760000000 
0.016564200000000 0.001237540000000 0.000000000000000 0.000000000000000 0.002375790000000 
0.060243300000000 0.009906800000000 0.065835700000000 0.023982000000000 0.047835900000000 
0.001822890000000 0.007764660000000 0.000645135000000 0.000298945000000 0.001085000000000 
0.011458900000000 0.013211100000000 0.007443180000000 0.009510150000000 0.012211800000000 
0.032726000000000 0.000740810000000 0.046308100000000 0.080159100000000 0.070616000000000 
0.007375680000000 0.021737600000000 0.003715260000000 0.000281735000000 0.000212568000000 
0.007055020000000 0.007042030000000 0.000000000000000 0.000000000000000 0.000000000000000 
0.007424780000000 0.012569200000000 0.004923820000000 0.045515300000000 0.021741300000000 
0.000000000000000 0.000000000000000 0.000000000000000 0.000000000000000 0.000000000000000 
0.008274210000000 0.008935080000000 0.012211700000000 0.012475600000000 0.010102500000000 
0.033452100000000 0.101637000000000 0.116159000000000 0.159570000000000 0.188333000000000 
0.000614738000000 0.000882852000000 0.008797950000000 0.000125089000000 0.006835120000000 
0.035218100000000 0.009753450000000 0.024879200000000 0.034339500000000 0.026178900000000 
0.043732600000000 0.001154910000000 0.032212600000000 0.006104780000000 0.024517300000000 
0.007004330000000 0.000000000000000 0.006314480000000 0.003519620000000 0.024503000000000 
0.004568230000000 0.000629375000000 0.001108910000000 0.007871810000000 0.000000000000000 
0.000648165000000 0.001107200000000 0.000000000000000 0.000000000000000 0.000000000000000 
0.000187332000000 0.136490000000000 0.000000000000000 0.000088610800000 0.000000000000000 
0.002251050000000 0.002433290000000 0.028535200000000 0.005550470000000 0.002075010000000 
0.000000000000000 0.017158100000000 0.003200460000000 0.009915220000000 0.017726800000000 
0.005229180000000 0.000762094000000 0.003195230000000 0.000000000000000 0.005822790000000 
0.000149293000000 0.002302840000000 0.011509600000000 0.005471680000000 0.013031500000000 
0.000000000000000 0.000000000000000 0.000186021000000 0.000528193000000 0.000104526000000 
0.001465340000000 0.069318000000000 0.000000000000000 0.000686477000000 0.000000000000000 
0.000502270000000 0.003595860000000 0.034556600000000 0.010983600000000 0.000500680000000 
0.000000000000000 0.000000000000000 0.003983250000000 0.000000000000000 0.002191730000000 
0.000327535000000 0.021741200000000 0.005761090000000 0.012115000000000 0.000264865000000 
0.011233800000000 0.000000000000000 0.000000000000000 0.000000000000000 0.000154792000000 
0.001746950000000 0.011713000000000 0.052218500000000 0.042372800000000 0.033555100000000 
0.014737100000000 0.000466523000000 0.025151500000000 0.021693500000000 0.024757200000000 
0.065414400000000 0.004115810000000 0.045561200000000 0.025136300000000 0.086021500000000 
0.000000000000000 0.000000000000000 0.000000000000000 0.000000000000000 0.000000000000000 
0.000820444000000 0.000000000000000 0.000174500000000 0.000000000000000 0.000000000000000 
0.035282400000000 0.000000000000000 0.005960130000000 0.000000000000000 0.000000000000000 
0.009100090000000 0.000713158000000 0.009387100000000 0.005665310000000 0.000000000000000 
0.000000000000000 0.019930600000000 0.000000000000000 0.000000000000000 0.000000000000000 
0.030953500000000 0.018239400000000 0.053580300000000 0.037244200000000 0.054689200000000 
0.000000000000000 0.000266239000000 0.000134273000000 0.003557920000000 0.001038710000000 
0.007060030000000 0.023501200000000 0.001817610000000 0.000344203000000 0.011196900000000 
0.003504170000000 0.013228500000000 0.026603400000000 0.002507870000000 0.006317540000000 
0.002645850000000 0.000000000000000 0.010496400000000 0.006989560000000 0.017161300000000 
0.000000000000000 0.000000000000000 0.001604940000000 0.000000000000000 0.000000000000000 
0.044655400000000 0.000000000000000 0.078469300000000 0.054952200000000 0.080753700000000 
0.022331200000000 0.000412035000000 0.029026400000000 0.017540800000000 0.011186200000000 
0.000000000000000 0.000000000000000 0.000000000000000 0.000000000000000 0.000000000000000 
0.008101150000000 0.000657426000000 0.003673330000000 0.000000000000000 0.000000000000000 
0.000075837200000 0.003747570000000 0.000058099100000 0.000000000000000 0.000000000000000 
0.007132650000000 0.000000000000000 0.007333760000000 0.002795250000000 0.007409450000000 
0.000000000000000 0.001095690000000 0.000000000000000 0.000000000000000 0.000000000000000 
0.036274400000000 0.040981600000000 0.004352200000000 0.053371600000000 0.023148700000000 
0.008599910000000 0.000000000000000 0.030938800000000 0.001580130000000 0.008977340000000 
0.000000000000000 0.000000000000000 0.002337500000000 0.000000000000000 0.000000000000000 
0.014826100000000 0.028778500000000 0.021612600000000 0.000000000000000 0.003588440000000 
0.023840500000000 0.012930900000000 0.021828600000000 0.022727900000000 0.055156800000000 
0.010267600000000 0.008089150000000 0.005654240000000 0.000000000000000 0.005468300000000 
0.004031370000000 0.000000000000000 0.000088419900000 0.000000000000000 0.000000000000000 
0.000677956000000 0.074495200000000 0.000312366000000 0.000000000000000 0.000000000000000 
0.000997784000000 0.000000000000000 0.006267760000000 0.000000000000000 0.003385520000000 
0.016958800000000 0.000000000000000 0.059184600000000 0.031956700000000 0.058913900000000 
0.093185900000000 0.066747900000000 0.092911800000000 0.036086900000000 0.045634600000000 
0.000000000000000 0.011412000000000 0.002302790000000 0.000074656200000 0.005235040000000 
0.040093000000000 0.038841300000000 0.036625300000000 0.025303800000000 0.035645200000000 
0.007847960000000 0.024464900000000 0.005319120000000 0.017836400000000 0.013309000000000 
0.035151400000000 0.001529240000000 0.045195500000000 0.036937800000000 0.043593200000000 
0.057434700000000 0.018308600000000 0.083822100000000 0.010631700000000 0.015958600000000 
0.086780500000000 0.009928630000000 0.054825100000000 0.032288600000000 0.089681900000000 
0.028957300000000 0.000000000000000 0.028570300000000 0.004624280000000 0.002769800000000 
0.022333900000000 0.000000000000000 0.039994000000000 0.041177700000000 0.038328500000000 
0.028745000000000 0.003236640000000 0.041846200000000 0.022481200000000 0.002559950000000 
0.000019382200000 0.001521660000000 0.004028230000000 0.024719200000000 0.003543720000000 
0.000266239000000 0.000353380000000 0.000938122000000 0.000000000000000 0.000000000000000 
0.000000000000000 0.000030773400000 0.000000000000000 0.006268120000000 0.001160860000000 
0.000000000000000 0.006836530000000 0.001608540000000 0.000000000000000 0.003634990000000 
0.018259300000000 0.020333800000000 0.085690900000000 0.059756600000000 0.042184800000000 
0.073303300000000 0.001094980000000 0.064542100000000 0.065150300000000 0.085541200000000 
0.000000000000000 0.000562388000000 0.002422220000000 0.000000000000000 0.000000000000000 
0.028155300000000 0.014132600000000 0.039006200000000 0.016864900000000 0.028396100000000 
0.000000000000000 0.000000000000000 0.000000000000000 0.000000000000000 0.000000000000000 
0.000123053000000 0.000000000000000 0.001257480000000 0.000604252000000 0.000000000000000 
0.000000000000000 0.000000000000000 0.000000000000000 0.000000000000000 0.000000000000000 
0.024740300000000 0.003176010000000 0.063852100000000 0.065463100000000 0.036934900000000 
0.080326400000000 0.045082400000000 0.023629100000000 0.033992800000000 0.013847700000000 
0.001923040000000 0.002339900000000 0.000000000000000 0.002280520000000 0.000000000000000 
0.026775000000000 0.083239300000000 0.006862370000000 0.020500300000000 0.004575670000000 
0.007581070000000 0.028038000000000 0.011333200000000 0.005625700000000 0.008053560000000 
0.023695600000000 0.026548500000000 0.028422100000000 0.000000000000000 0.000000000000000 
0.001702080000000 0.015348400000000 0.000270532000000 0.000000000000000 0.000000000000000 
0.000000000000000 0.000000000000000 0.001287770000000 0.000000000000000 0.000000000000000 
0.021394100000000 0.000000000000000 0.011525400000000 0.014889000000000 0.000000000000000 
0.008278580000000 0.000000000000000 0.011280100000000 0.005869000000000 0.001476260000000 
0.000000000000000 0.000000000000000 0.085693200000000 0.090726300000000 0.051911700000000 
0.005633780000000 0.039385000000000 0.014580800000000 0.011280400000000 0.004683770000000 
0.000402265000000 0.071091500000000 0.000000000000000 0.000000000000000 0.000000000000000 
0.019258000000000 0.011765500000000 0.033868600000000 0.016397900000000 0.016327400000000 
0.000000000000000 0.008433920000000 0.001678260000000 0.000000000000000 0.002600750000000 
0.042720700000000 0.000000000000000 0.007971470000000 0.019855900000000 0.029641900000000 
0.021376500000000 0.115881000000000 0.014767700000000 0.024402800000000 0.018883000000000 
0.014841200000000 0.000000000000000 0.017294300000000 0.019555700000000 0.005666260000000 
0.061366300000000 0.006523750000000 0.010682800000000 0.000000000000000 0.004684200000000 
0.033302100000000 0.003894890000000 0.008244330000000 0.008537920000000 0.001176910000000 
0.000000000000000 0.000000000000000 0.000000000000000 0.000000000000000 0.000000000000000 
0.000369407000000 0.067385300000000 0.000283190000000 0.000000000000000 0.000249238000000 
0.020823800000000 0.012309200000000 0.011712800000000 0.012298100000000 0.000373666000000 
0.012825100000000 0.000000000000000 0.020117500000000 0.011244600000000 0.034030600000000 
0.000379451000000 0.002001070000000 0.003039140000000 0.000000000000000 0.000779401000000 
0.014985000000000 0.053424300000000 0.001873960000000 0.010144800000000 0.000106080000000 
0.000786667000000 0.020354400000000 0.000177929000000 0.003214340000000 0.000499034000000 
0.000000000000000 0.000000000000000 0.005830830000000 0.000000000000000 0.003248300000000 
0.000000000000000 0.000000000000000 0.012268500000000 0.000380219000000 0.006107400000000 
0.007991190000000 0.000000000000000 0.026589500000000 0.002959440000000 0.039849700000000 
0.062103400000000 0.052673500000000 0.064095600000000 0.059138700000000 0.026486100000000 
0.044373400000000 0.066172300000000 0.040716200000000 0.033263000000000 0.033675900000000 
0.013970200000000 0.006131590000000 0.016778600000000 0.001347490000000 0.014823900000000 
0.018519600000000 0.054773300000000 0.022698400000000 0.000000000000000 0.011123400000000 
0.000000000000000 0.002561360000000 0.000000000000000 0.000081906500000 0.000266484000000 
0.003283500000000 0.005250430000000 0.006207350000000 0.022619900000000 0.000000000000000 
0.012055000000000 0.024787400000000 0.004768000000000 0.082474500000000 0.002738440000000 
0.000000000000000 0.000000000000000 0.000028491700000 0.000000000000000 0.008450250000000 
0.000000000000000 0.042823200000000 0.000000000000000 0.000000000000000 0.000000000000000 
0.000000000000000 0.000000000000000 0.000000000000000 0.000000000000000 0.000000000000000 
0.042575400000000 0.012306600000000 0.000000000000000 0.000000000000000 0.000000000000000 
0.002406140000000 0.042084400000000 0.002377350000000 0.002092810000000 0.002784430000000 
0.000000000000000 0.000000000000000 0.000000000000000 0.000366624000000 0.000000000000000 
0.001337170000000 0.000000000000000 0.002009760000000 0.001211980000000 0.002516020000000 
0.000000000000000 0.004492180000000 0.000000000000000 0.000000000000000 0.000000000000000 
0.000000000000000 0.000000000000000 0.000346810000000 0.000000000000000 0.000647494000000 
0.000000000000000 0.014488100000000 0.082092900000000 0.015746900000000 0.017072500000000 
0.000000000000000 0.000000000000000 0.000000000000000 0.000000000000000 0.000000000000000 
0.079413000000000 0.061857800000000 0.106193000000000 0.149840000000000 0.094338400000000 
0.000000000000000 0.012175400000000 0.000000000000000 0.000000000000000 0.000000000000000 
0.045753600000000 0.033447000000000 0.036692300000000 0.002430420000000 0.014149100000000 
0.019575300000000 0.000290592000000 0.028201000000000 0.006975290000000 0.015709100000000 
0.015087500000000 0.003917590000000 0.064257500000000 0.100479000000000 0.039405400000000 
0.008405140000000 0.000948910000000 0.033858100000000 0.039214200000000 0.025538600000000 
0.000293752000000 0.000000000000000 0.002792280000000 0.000000000000000 0.000000000000000 
0.002778280000000 0.105316000000000 0.036972600000000 0.000363456000000 0.007319080000000 
0.028832700000000 0.000000000000000 0.017757800000000 0.000213981000000 0.002571110000000 
0.003038610000000 0.001143080000000 0.004798050000000 0.018381600000000 0.010781900000000 
0.000000000000000 0.000000000000000 0.069516100000000 0.086243600000000 0.093898600000000 
0.000239359000000 0.000000000000000 0.000000000000000 0.000000000000000 0.000000000000000 
0.000530062000000 0.003543130000000 0.000583843000000 0.000963386000000 0.000000000000000 
0.020810400000000 0.006588180000000 0.019026400000000 0.012688900000000 0.022025300000000 
0.064000800000000 0.028555700000000 0.067561900000000 0.058516800000000 0.033423200000000 
0.006832830000000 0.000000000000000 0.007775800000000 0.000000000000000 0.004803980000000 
0.075423800000000 0.099974100000000 0.045903200000000 0.034827500000000 0.032954100000000 
0.036799200000000 0.016883200000000 0.009592480000000 0.023097300000000 0.022347200000000 
0.002926250000000 0.048663100000000 0.076904700000000 0.069873700000000 0.041053300000000 
0.004774310000000 0.007719110000000 0.010534200000000 0.001167160000000 0.000000000000000 
0.013204900000000 0.000477574000000 0.032542200000000 0.055417600000000 0.038695000000000 
0.012708900000000 0.010010500000000 0.025006900000000 0.008926700000000 0.017253800000000 
0.011380500000000 0.002810050000000 0.007699350000000 0.002391010000000 0.015559400000000 
0.024167000000000 0.001567980000000 0.033455500000000 0.024351800000000 0.049713900000000 
0.065780400000000 0.066686800000000 0.083176000000000 0.019027300000000 0.016976900000000 
0.000000000000000 0.001197910000000 0.017016700000000 0.000000000000000 0.000395281000000 
0.034858300000000 0.039582000000000 0.131259000000000 0.027495600000000 0.032517500000000 
0.007213610000000 0.032725700000000 0.005753180000000 0.000441840000000 0.003468570000000 
0.027184500000000 0.009989540000000 0.008245890000000 0.015049100000000 0.001364750000000 
0.009593850000000 0.023455500000000 0.012698400000000 0.004054200000000 0.000696213000000 
0.065306800000000 0.000000000000000 0.094329700000000 0.088274600000000 0.107489000000000 
0.019129600000000 0.003386260000000 0.012119400000000 0.014685500000000 0.030633500000000 
0.000000000000000 0.000000000000000 0.000000000000000 0.000000000000000 0.000000000000000 
0.000000000000000 0.000000000000000 0.001450030000000 0.000000000000000 0.000000000000000 
0.019186800000000 0.047001800000000 0.026854200000000 0.004635580000000 0.004695530000000 
0.037078600000000 0.036984900000000 0.004993840000000 0.000000000000000 0.000000000000000 
0.068952900000000 0.048653100000000 0.017346200000000 0.000467126000000 0.021445100000000 
0.002234420000000 0.002656130000000 0.000110097000000 0.003435130000000 0.005096480000000 
0.000000000000000 0.015623600000000 0.002804750000000 0.000407604000000 0.002027030000000 
0.000064658400000 0.000000000000000 0.004229520000000 0.000120695000000 0.000000000000000 
0.002773710000000 0.000000000000000 0.005840990000000 0.000290171000000 0.000000000000000 
0.000000000000000 0.000000000000000 0.000000000000000 0.000000000000000 0.000000000000000 
0.000000000000000 0.007017460000000 0.000000000000000 0.000000000000000 0.000000000000000 
0.000000000000000 0.048038000000000 0.000343790000000 0.000000000000000 0.000000000000000 
0.000000000000000 0.000000000000000 0.000000000000000 0.000000000000000 0.000000000000000 
0.038816300000000 0.000000000000000 0.019613200000000 0.002163130000000 0.003058510000000 
0.000000000000000 0.000000000000000 0.000000000000000 0.000252510000000 0.000000000000000 
0.004259650000000 0.031126300000000 0.030116600000000 0.021606000000000 0.036950800000000 
0.007730740000000 0.000559706000000 0.027609700000000 0.060074200000000 0.040858500000000 
0.010819100000000 0.036976000000000 0.000985709000000 0.001015250000000 0.001836230000000 
0.020770100000000 0.005177010000000 0.012111500000000 0.003279660000000 0.047555300000000 
0.007079920000000 0.001311010000000 0.000000000000000 0.000014318100000 0.000000000000000 
0.000096590900000 0.000000000000000 0.000180875000000 0.000604530000000 0.000563538000000 
0.036125400000000 0.095447800000000 0.029547500000000 0.021763700000000 0.030068900000000 
0.000000000000000 0.000000000000000 0.000000000000000 0.000000000000000 0.000000000000000 
0.004678280000000 0.000000000000000 0.016701500000000 0.000000000000000 0.002683370000000 
0.005198160000000 0.000000000000000 0.011121500000000 0.000000000000000 0.001746650000000 
0.005563380000000 0.006289330000000 0.024557000000000 0.054867900000000 0.021481500000000 
0.003808000000000 0.026695300000000 0.003052990000000 0.000000000000000 0.000126378000000 
0.011127100000000 0.000000000000000 0.000503303000000 0.000000000000000 0.001947740000000 
0.017854700000000 0.000000000000000 0.054165400000000 0.059736800000000 0.048205500000000 
0.000000000000000 0.000000000000000 0.000000000000000 0.000000000000000 0.000000000000000 
0.004182850000000 0.000000000000000 0.005216590000000 0.000000000000000 0.000000000000000 
0.000000000000000 0.000000000000000 0.000496407000000 0.000000000000000 0.000000000000000 
0.000000000000000 0.029164900000000 0.001484150000000 0.007589610000000 0.000004989750000 
0.000000000000000 0.001233940000000 0.023622800000000 0.000308620000000 0.029336500000000 
0.000000000000000 0.000000000000000 0.000747904000000 0.011042600000000 0.000416315000000 
0.014284700000000 0.000000000000000 0.000000000000000 0.004243480000000 0.000000000000000 
0.000822545000000 0.000000000000000 0.000709336000000 0.000902177000000 0.000000000000000 
0.069581100000000 0.056539300000000 0.027104200000000 0.019572600000000 0.012318600000000 
0.047054800000000 0.000000000000000 0.022447900000000 0.041709200000000 0.047611900000000 
0.001010280000000 0.000000000000000 0.001978610000000 0.006848320000000 0.005751030000000 
0.028117400000000 0.032408300000000 0.040444000000000 0.037337600000000 0.089231800000000 
0.000000000000000 0.083150100000000 0.000000000000000 0.000000000000000 0.000000000000000 
0.000000000000000 0.000629299000000 0.000155853000000 0.047296800000000 0.006114400000000 
0.072684400000000 0.010219700000000 0.044751700000000 0.014662500000000 0.035455100000000 
0.000000000000000 0.000000000000000 0.000000000000000 0.000000000000000 0.000000000000000 
0.064103300000000 0.089778800000000 0.000000000000000 0.002028490000000 0.004315280000000 
0.056652200000000 0.000161411000000 0.005655130000000 0.000000000000000 0.000354606000000 
0.000000000000000 0.000000000000000 0.001094750000000 0.000000000000000 0.000000000000000 
0.045509200000000 0.013311400000000 0.011215800000000 0.000000000000000 0.008719430000000 
0.005459460000000 0.000000000000000 0.017633500000000 0.008725820000000 0.020399000000000 
0.000459166000000 0.000000000000000 0.013014000000000 0.000000000000000 0.000000000000000 
0.075573800000000 0.050452400000000 0.046091400000000 0.029875900000000 0.045915200000000 
0.025223400000000 0.000000000000000 0.020886600000000 0.000000000000000 0.010785500000000 
0.000000000000000 0.016246200000000 0.000000000000000 0.000000000000000 0.000000000000000 
0.000000000000000 0.000000000000000 0.000000000000000 0.000000000000000 0.000000000000000 
0.063868300000000 0.025148800000000 0.009458060000000 0.008139960000000 0.031005900000000 
0.006658740000000 0.000267568000000 0.000267763000000 0.001065980000000 0.000000000000000 
0.000000000000000 0.001266870000000 0.003269780000000 0.000250233000000 0.000000000000000 
0.093547500000000 0.000000000000000 0.089553900000000 0.041871300000000 0.107672000000000 
0.001010580000000 0.009392200000000 0.000515915000000 0.000000000000000 0.000945564000000 
0.036652200000000 0.000000000000000 0.040757100000000 0.011297300000000 0.025788600000000 
0.023734300000000 0.037554600000000 0.004369080000000 0.000000000000000 0.000361415000000 
0.031002600000000 0.000225036000000 0.022642400000000 0.026908900000000 0.033830100000000 
0.007957520000000 0.002493730000000 0.006316680000000 0.000048438000000 0.000043291800000 
0.004764440000000 0.018305300000000 0.001847130000000 0.000036102600000 0.000314684000000 
0.019196500000000 0.009160450000000 0.004518360000000 0.001386860000000 0.000000000000000 
0.000000000000000 0.005773420000000 0.000000000000000 0.000000000000000 0.000000000000000 
0.000000000000000 0.000050616500000 0.002337030000000 0.000496593000000 0.000000000000000 
0.023162900000000 0.044670200000000 0.011455000000000 0.006075370000000 0.020047000000000 
0.000000000000000 0.019362300000000 0.002218810000000 0.007391870000000 0.000000000000000 
0.012563100000000 0.004794750000000 0.021839200000000 0.000902519000000 0.015092700000000 
0.082540600000000 0.136059000000000 0.098963000000000 0.070410800000000 0.092716000000000 
0.009437490000000 0.030217100000000 0.003006870000000 0.021143900000000 0.000000000000000 
0.005255990000000 0.000000000000000 0.000257102000000 0.030540900000000 0.026033900000000 
0.026390600000000 0.004316940000000 0.053685700000000 0.048741200000000 0.038514500000000 
0.003243730000000 0.013642200000000 0.002964970000000 0.000000000000000 0.002231200000000 
0.001484280000000 0.000000000000000 0.007824150000000 0.000000000000000 0.000000000000000 
0.007178170000000 0.026692100000000 0.012147300000000 0.030791800000000 0.006713470000000 
0.000933699000000 0.078387300000000 0.000356014000000 0.000000000000000 0.000000000000000 
0.000000000000000 0.000000000000000 0.000000000000000 0.000000000000000 0.000000000000000 
0.030210900000000 0.026860700000000 0.001661290000000 0.000000000000000 0.000000000000000 
0.000000000000000 0.000000000000000 0.000000000000000 0.000000000000000 0.000000000000000 
0.020886200000000 0.050170500000000 0.008664380000000 0.001263940000000 0.000429417000000 
0.000000000000000 0.001298670000000 0.000000000000000 0.000473515000000 0.007345170000000 
0.068007900000000 0.021852700000000 0.002164510000000 0.000000000000000 0.000000000000000 
0.008973960000000 0.021317300000000 0.008819320000000 0.000000000000000 0.004812370000000 
0.000000000000000 0.043881700000000 0.011461300000000 0.012261400000000 0.018260400000000 
0.014160300000000 0.000000000000000 0.012707200000000 0.000000000000000 0.003968510000000 
0.003219110000000 0.036166600000000 0.007689840000000 0.008785810000000 0.015265100000000 
0.007745810000000 0.033729700000000 0.009927500000000 0.029102600000000 0.017488400000000 
0.003256910000000 0.001142750000000 0.000160244000000 0.007416820000000 0.008766530000000 
0.001323190000000 0.016449400000000 0.012117200000000 0.050659400000000 0.000527184000000 
0.002792100000000 0.000000000000000 0.008513570000000 0.004732590000000 0.004240100000000 
0.111534000000000 0.019150900000000 0.049237600000000 0.000272482000000 0.018099900000000 
0.000932715000000 0.021679100000000 0.002396270000000 0.006469380000000 0.000948149000000 
0.000341138000000 0.034706400000000 0.001117580000000 0.000000000000000 0.000000000000000 
0.000000000000000 0.000000000000000 0.000000000000000 0.000000000000000 0.000000000000000 
0.045331400000000 0.016175200000000 0.004395790000000 0.005508080000000 0.000904018000000 
0.000000000000000 0.000000000000000 0.000914276000000 0.006353910000000 0.000000000000000 
0.069804500000000 0.038013300000000 0.063427800000000 0.015719200000000 0.045401500000000 
0.000000000000000 0.052715200000000 0.000091556800000 0.034394300000000 0.005446650000000 
0.000000000000000 0.000000000000000 0.000000000000000 0.000000000000000 0.000000000000000 
0.000000000000000 0.000000000000000 0.000000000000000 0.000000000000000 0.000000000000000 
0.000000000000000 0.013435200000000 0.000000000000000 0.000000000000000 0.000000000000000 
0.000000000000000 0.000000000000000 0.000000000000000 0.000000000000000 0.000000000000000 
0.006170130000000 0.056017400000000 0.009087370000000 0.005460870000000 0.000000000000000 
0.011173500000000 0.000865990000000 0.064879600000000 0.055254300000000 0.051553700000000 
0.000000000000000 0.000000000000000 0.000000000000000 0.000000000000000 0.000000000000000 
0.004316370000000 0.015776700000000 0.035235700000000 0.019086200000000 0.027752400000000 
0.000000000000000 0.000000000000000 0.000000000000000 0.000000000000000 0.000000000000000 
0.071360200000000 0.052983300000000 0.035487900000000 0.023400500000000 0.039563000000000 
0.000000000000000 0.000000000000000 0.008037160000000 0.007270970000000 0.000093552300000 
0.016710700000000 0.047639400000000 0.005313350000000 0.009371070000000 0.000000000000000 
0.000000000000000 0.005011190000000 0.000000000000000 0.002069250000000 0.000000000000000 
0.000000000000000 0.004613300000000 0.000000000000000 0.000000000000000 0.000000000000000 
0.019683400000000 0.037044900000000 0.015662700000000 0.017047900000000 0.021075100000000 
0.001956730000000 0.000000000000000 0.003650640000000 0.000000000000000 0.001242910000000 
0.055324600000000 0.000000000000000 0.055427400000000 0.047699200000000 0.049522300000000 
0.058827500000000 0.019876600000000 0.000015314200000 0.007820010000000 0.035337000000000 
0.038161200000000 0.000257648000000 0.007575260000000 0.000000000000000 0.000000000000000 
0.015016200000000 0.041421900000000 0.003044020000000 0.000000000000000 0.001121280000000 
0.001081930000000 0.000000000000000 0.005638310000000 0.000000000000000 0.000000000000000 
0.001343610000000 0.000000000000000 0.000000000000000 0.000377674000000 0.005196010000000 
0.023923200000000 0.069734200000000 0.005517830000000 0.008534940000000 0.001448710000000 
0.000441897000000 0.002442130000000 0.000000000000000 0.000000000000000 0.000000000000000 
0.008166460000000 0.000000000000000 0.019485500000000 0.020924100000000 0.024625600000000 
0.000152474000000 0.047256700000000 0.000000000000000 0.000000000000000 0.000000000000000 
0.013776100000000 0.000000000000000 0.024670800000000 0.000000000000000 0.000000000000000 
0.000000000000000 0.000000000000000 0.000000000000000 0.000000000000000 0.000000000000000 
0.002952430000000 0.075668800000000 0.000000000000000 0.000000000000000 0.000000000000000 
0.007802570000000 0.002476420000000 0.007006220000000 0.027687000000000 0.000062857800000 
0.005481010000000 0.000000000000000 0.000000000000000 0.000015601700000 0.000000000000000 
0.000027240500000 0.041128900000000 0.000000000000000 0.001000300000000 0.000000000000000 
0.008220610000000 0.027033900000000 0.009892950000000 0.027789500000000 0.005652880000000 
0.000000000000000 0.021394300000000 0.000000000000000 0.000000000000000 0.000000000000000 
0.000000000000000 0.000000000000000 0.000000000000000 0.000000000000000 0.000397518000000 
0.000000000000000 0.017115100000000 0.001972930000000 0.027292400000000 0.000000000000000 
0.000069573800000 0.012704700000000 0.010980300000000 0.000000000000000 0.000000000000000 
0.001799950000000 0.000000000000000 0.002794740000000 0.003725810000000 0.004822140000000 
0.048990800000000 0.039391300000000 0.017082700000000 0.023536800000000 0.005979580000000 
0.000000000000000 0.000000000000000 0.000000000000000 0.001153850000000 0.001877970000000 
0.000777615000000 0.007499970000000 0.000027388800000 0.000000000000000 0.000000000000000 
0.000000000000000 0.011216900000000 0.003475580000000 0.000000000000000 0.001160990000000 
0.083845000000000 0.087366200000000 0.070012700000000 0.002607550000000 0.002602740000000 
0.000000000000000 0.014267800000000 0.009541120000000 0.016615600000000 0.008604850000000 
0.003904450000000 0.000000000000000 0.000000000000000 0.000000000000000 0.002764470000000 
0.003610370000000 0.001551990000000 0.036222100000000 0.024828600000000 0.022770600000000 
0.000000000000000 0.000000000000000 0.007688630000000 0.006691780000000 0.005119780000000 
0.017637000000000 0.076740300000000 0.013693600000000 0.026837800000000 0.000000000000000 
0.173609000000000 0.185091000000000 0.124268000000000 0.083752000000000 0.097605500000000 
0.008013720000000 0.000000000000000 0.033991500000000 0.010660300000000 0.015454200000000 
0.184003000000000 0.121309000000000 0.095310400000000 0.028687500000000 0.039256200000000 
0.000000000000000 0.012389900000000 0.001212090000000 0.000000000000000 0.000000000000000 
0.002796430000000 0.000000000000000 0.000000000000000 0.000000000000000 0.000000000000000 
0.000000000000000 0.006601030000000 0.000865362000000 0.048346900000000 0.028636000000000 
0.013310100000000 0.000000000000000 0.031860800000000 0.038667600000000 0.030947700000000 
0.000000000000000 0.000000000000000 0.000000000000000 0.000000000000000 0.000238892000000 
0.011182500000000 0.000314450000000 0.016509400000000 0.020249200000000 0.010501800000000 
0.003488420000000 0.015360900000000 0.001010920000000 0.000000000000000 0.001220040000000 
0.000357535000000 0.000000000000000 0.000357499000000 0.000000000000000 0.000850822000000 
0.088160400000000 0.000000000000000 0.006516420000000 0.000317559000000 0.006385460000000 
0.008477930000000 0.000000000000000 0.000000000000000 0.000000000000000 0.001063580000000 
0.000000000000000 0.000000000000000 0.011686200000000 0.002886410000000 0.001028880000000 
0.054342200000000 0.023325400000000 0.003249970000000 0.007799520000000 0.017592600000000 
0.004878880000000 0.000437652000000 0.046337700000000 0.033955600000000 0.051277000000000 
0.008685600000000 0.000000000000000 0.025496200000000 0.013500800000000 0.008169210000000 
0.003708770000000 0.062590600000000 0.006669910000000 0.000104675000000 0.000000000000000 
0.000000000000000 0.004769240000000 0.000000000000000 0.000000000000000 0.000000000000000 
0.006410980000000 0.003794100000000 0.000000000000000 0.025723100000000 0.002738220000000 
0.010547700000000 0.054115900000000 0.025056300000000 0.010641900000000 0.017525500000000 
0.005084580000000 0.000000000000000 0.018323000000000 0.003342400000000 0.037720100000000 
0.002390350000000 0.089961200000000 0.004499460000000 0.000033750800000 0.000000000000000 
0.058714400000000 0.013667000000000 0.041139600000000 0.080796100000000 0.064710200000000 
0.010522200000000 0.031480200000000 0.000374220000000 0.000443748000000 0.000000000000000 
0.000000000000000 0.000000000000000 0.000000000000000 0.000000000000000 0.000000000000000 
0.000437276000000 0.014701500000000 0.000731123000000 0.000000000000000 0.000000000000000 
0.007991300000000 0.000000000000000 0.027385700000000 0.067851100000000 0.064562100000000 
0.000000000000000 0.132751000000000 0.000000000000000 0.000000000000000 0.000054047800000 
0.000000000000000 0.000399829000000 0.000000000000000 0.000000000000000 0.000000000000000 
0.000000000000000 0.000000000000000 0.000000000000000 0.001653440000000 0.017749300000000 
0.052454700000000 0.000000000000000 0.004092140000000 0.008424070000000 0.014383200000000 
0.003452780000000 0.000000000000000 0.004736200000000 0.000000000000000 0.018478600000000 
0.001028730000000 0.000000000000000 0.000000000000000 0.000069643100000 0.001889050000000 
0.002934870000000 0.003021700000000 0.029817500000000 0.007655220000000 0.021867700000000 
0.008685450000000 0.000000000000000 0.030867600000000 0.000000000000000 0.000000000000000 
0.000000000000000 0.000000000000000 0.020676900000000 0.043028000000000 0.023841500000000 
0.007143850000000 0.000000000000000 0.001193860000000 0.000000000000000 0.000000000000000 
0.000000000000000 0.000000000000000 0.000000000000000 0.000000000000000 0.000000000000000 
0.000000000000000 0.000000000000000 0.003771330000000 0.000157990000000 0.000000000000000 
0.000000000000000 0.000000000000000 0.000000000000000 0.002048300000000 0.000127651000000 
0.000000000000000 0.000000000000000 0.000000000000000 0.000000000000000 0.000000000000000 
0.000000000000000 0.000300393000000 0.000000000000000 0.000000000000000 0.000000000000000 
0.020160900000000 0.065446000000000 0.001490020000000 0.045742800000000 0.016492600000000 
0.001763900000000 0.044454800000000 0.000650330000000 0.012533400000000 0.002994710000000 
0.000000000000000 0.000495895000000 0.000000000000000 0.000000000000000 0.000000000000000 
0.010881100000000 0.001535590000000 0.004381960000000 0.001865400000000 0.005333580000000 
0.000113091000000 0.000000000000000 0.000000000000000 0.004373160000000 0.005614940000000 
0.062922700000000 0.052944700000000 0.041070500000000 0.019927200000000 0.007022670000000 
0.000511814000000 0.028898900000000 0.001037080000000 0.010109900000000 0.005240180000000 
0.021562500000000 0.001697200000000 0.047549100000000 0.035236100000000 0.012357900000000 
0.000000000000000 0.070754400000000 0.004536240000000 0.004970000000000 0.000000000000000 
0.082449000000000 0.073582000000000 0.022739800000000 0.004546400000000 0.029935900000000 
0.005178970000000 0.000615088000000 0.009102060000000 0.000000000000000 0.000000000000000 
0.000000000000000 0.009835290000000 0.000000000000000 0.000000000000000 0.000000000000000 
0.002225990000000 0.003221660000000 0.000000000000000 0.000000000000000 0.000000000000000 
0.000000000000000 0.000000000000000 0.000420658000000 0.008861710000000 0.006709600000000 
0.014540200000000 0.001003040000000 0.005974430000000 0.000024262500000 0.000087831700000 
0.009588830000000 0.000041635700000 0.023345800000000 0.026252200000000 0.007158890000000 
0.101600000000000 0.014050200000000 0.055702600000000 0.001234740000000 0.024773400000000 
0.000000000000000 0.000000000000000 0.000000000000000 0.000000000000000 0.000000000000000 
0.017497900000000 0.030834100000000 0.002346200000000 0.000056719300000 0.000165111000000 
0.000000000000000 0.040581100000000 0.000758219000000 0.000839736000000 0.000000000000000 
0.043356600000000 0.020014600000000 0.037667400000000 0.043031900000000 0.060850000000000 
0.015605200000000 0.020901100000000 0.000228683000000 0.000000000000000 0.000002226160000 
0.037855000000000 0.000000000000000 0.027617600000000 0.008298360000000 0.010699100000000 
0.000199940000000 0.014745300000000 0.000173520000000 0.000000000000000 0.000000000000000 
0.000000000000000 0.000000000000000 0.000000000000000 0.000000000000000 0.000000000000000 
0.000000000000000 0.001797680000000 0.000042875800000 0.000213739000000 0.000760918000000 
0.040105500000000 0.000000000000000 0.033792500000000 0.006503710000000 0.033912700000000 
0.000000000000000 0.057463100000000 0.022409000000000 0.000000000000000 0.000000000000000 
0.000171955000000 0.002249170000000 0.000716238000000 0.020940900000000 0.000169077000000 
0.000000000000000 0.000000000000000 0.000000000000000 0.000000000000000 0.000000000000000 
0.000000000000000 0.000000000000000 0.000000000000000 0.000000000000000 0.000123863000000 
0.000000000000000 0.000000000000000 0.000000000000000 0.003613050000000 0.000000000000000 
0.000000000000000 0.000000000000000 0.000026018400000 0.005067570000000 0.002049650000000 
0.014593300000000 0.040112300000000 0.000032933600000 0.000177103000000 0.000000000000000 
0.000000000000000 0.000000000000000 0.000000000000000 0.000332689000000 0.000000000000000 
0.000000000000000 0.000000000000000 0.000000000000000 0.000000000000000 0.000000000000000 
0.000000000000000 0.006912040000000 0.000000000000000 0.000000000000000 0.000000000000000 
0.013385000000000 0.029321500000000 0.048817700000000 0.006498720000000 0.016410500000000 
0.003983990000000 0.000000000000000 0.008222220000000 0.002778650000000 0.010035600000000 
0.052121800000000 0.038358400000000 0.011654400000000 0.000464263000000 0.009683740000000 
0.011578300000000 0.013992700000000 0.053061000000000 0.034563300000000 0.053502400000000 
0.033684700000000 0.000000000000000 0.031646200000000 0.017952900000000 0.001409980000000 
0.000000000000000 0.000000000000000 0.000000000000000 0.000000000000000 0.000000000000000 
0.000592325000000 0.031233900000000 0.004890950000000 0.000630039000000 0.005203540000000 
0.001799730000000 0.035240500000000 0.000000000000000 0.000000000000000 0.000000000000000 
0.039411500000000 0.023774300000000 0.034385300000000 0.019887400000000 0.016266100000000 
0.051574500000000 0.018037600000000 0.061084300000000 0.061318200000000 0.071554900000000 
0.000134657000000 0.068264200000000 0.000207326000000 0.000000000000000 0.000000000000000 
0.000000000000000 0.000000000000000 0.000000000000000 0.007250950000000 0.000000000000000 
0.000000000000000 0.000000000000000 0.000000000000000 0.000000000000000 0.000000000000000 
0.055597100000000 0.040084800000000 0.020202400000000 0.006298940000000 0.006369030000000 
0.000021292300000 0.000051289000000 0.000220400000000 0.002570590000000 0.001247480000000 
0.000068510400000 0.002986820000000 0.005545110000000 0.009964290000000 0.004836620000000 
0.096914800000000 0.133638000000000 0.027799000000000 0.024750600000000 0.006753640000000 
0.014515500000000 0.000162681000000 0.010518100000000 0.000000000000000 0.003962050000000 
0.013621200000000 0.004331950000000 0.018643600000000 0.008021010000000 0.021911700000000 
0.031500800000000 0.105647000000000 0.056773000000000 0.036843000000000 0.057953400000000 
0.000000000000000 0.000000000000000 0.000000000000000 0.000000000000000 0.000000000000000 
0.000000000000000 0.009546110000000 0.000000000000000 0.000376592000000 0.000000000000000 
0.000000000000000 0.000776684000000 0.001949380000000 0.000000000000000 0.000949416000000 
0.010540400000000 0.049783700000000 0.011108500000000 0.004882260000000 0.005532860000000 
0.000000000000000 0.000000000000000 0.000000000000000 0.000000000000000 0.000000000000000 
0.010673800000000 0.051655200000000 0.000061407800000 0.019666400000000 0.000151940000000 
0.030547400000000 0.004185880000000 0.083263600000000 0.075278000000000 0.057251300000000 
0.000000000000000 0.000000000000000 0.000000000000000 0.000000000000000 0.000000000000000 
0.001421100000000 0.000000000000000 0.018799700000000 0.012525400000000 0.002196950000000 
0.000000000000000 0.008275550000000 0.000000000000000 0.000000000000000 0.000000000000000 
0.000000000000000 0.000000000000000 0.000000000000000 0.000000000000000 0.000249513000000 
0.008604440000000 0.036292700000000 0.007999030000000 0.026594500000000 0.006544460000000 
0.001311450000000 0.047180700000000 0.035461700000000 0.012177900000000 0.007128380000000 
0.003546060000000 0.000327227000000 0.015592400000000 0.028303900000000 0.035345800000000 
0.032136800000000 0.002256930000000 0.058734400000000 0.046660400000000 0.060079500000000 
0.000000000000000 0.000000000000000 0.000000000000000 0.000000000000000 0.000000000000000 
0.000000000000000 0.000000000000000 0.000000000000000 0.000000000000000 0.000000000000000 
0.000116103000000 0.000000000000000 0.000264213000000 0.017897900000000 0.001367210000000 
0.000000000000000 0.000000000000000 0.000000000000000 0.000000000000000 0.000000000000000 
0.010601800000000 0.000000000000000 0.007759440000000 0.000000000000000 0.002934800000000 
0.010293000000000 0.000000000000000 0.000237386000000 0.003309860000000 0.004162580000000 
0.000000000000000 0.004639940000000 0.000000000000000 0.000000000000000 0.000711947000000 
0.001530460000000 0.018256000000000 0.004224220000000 0.001113720000000 0.010607600000000 
0.000000000000000 0.000000000000000 0.000000000000000 0.014872400000000 0.000000000000000 
0.008776460000000 0.010629500000000 0.007495640000000 0.001428300000000 0.020579800000000 
0.000000000000000 0.000000000000000 0.000000000000000 0.000000000000000 0.000000000000000 
0.000000000000000 0.000000000000000 0.000000000000000 0.000000000000000 0.000000000000000 
0.011358500000000 0.067756200000000 0.016556500000000 0.001093300000000 0.001838760000000 
0.057129700000000 0.124421000000000 0.054983800000000 0.062564500000000 0.082924300000000 
0.043982900000000 0.050891100000000 0.030338300000000 0.066906800000000 0.071629100000000 
0.000000000000000 0.000000000000000 0.001275830000000 0.000000000000000 0.000000000000000 
0.043675800000000 0.002038860000000 0.050949800000000 0.029479700000000 0.055540300000000 
0.000000000000000 0.000000000000000 0.000000000000000 0.000841136000000 0.001075030000000 
0.000000000000000 0.045548800000000 0.000000000000000 0.000000000000000 0.001473420000000 
0.001084410000000 0.068603500000000 0.006353430000000 0.025308700000000 0.000793870000000 
0.000000000000000 0.001086620000000 0.000000000000000 0.000000000000000 0.000000000000000 
0.045917300000000 0.000208120000000 0.034884200000000 0.004891840000000 0.004457590000000 
0.001121730000000 0.000000000000000 0.021063200000000 0.014103500000000 0.047013000000000 
0.010403400000000 0.022491200000000 0.018545500000000 0.018992100000000 0.010320700000000 
0.004833660000000 0.008716100000000 0.000000000000000 0.000131636000000 0.000174399000000 
0.038368500000000 0.045029500000000 0.049584900000000 0.007449230000000 0.009285880000000 
0.002969840000000 0.005428680000000 0.001614420000000 0.012588200000000 0.000000000000000 
0.000000000000000 0.000000000000000 0.000000000000000 0.000000000000000 0.000000000000000 
0.014648000000000 0.020789600000000 0.039744500000000 0.049036400000000 0.037571100000000 
0.000000000000000 0.000000000000000 0.000000000000000 0.000000000000000 0.000000000000000 
0.000000000000000 0.000000000000000 0.000000000000000 0.000000000000000 0.000000000000000 
0.000000000000000 0.000000000000000 0.006390680000000 0.003061280000000 0.000000000000000 
0.007519460000000 0.009630320000000 0.006885400000000 0.016404000000000 0.007341940000000 
0.041170600000000 0.025669800000000 0.014287500000000 0.000385377000000 0.000000000000000 
0.000000000000000 0.000000000000000 0.000000000000000 0.000000000000000 0.000000000000000 
0.013649800000000 0.000404751000000 0.010054800000000 0.013317300000000 0.022417600000000 
0.000000000000000 0.000194053000000 0.003071970000000 0.020814900000000 0.009998900000000 
0.021424700000000 0.035103900000000 0.014601100000000 0.000000000000000 0.001479000000000 
0.031909900000000 0.020138900000000 0.036452100000000 0.059818100000000 0.027539400000000 
0.000000000000000 0.000000000000000 0.000000000000000 0.000000000000000 0.000000000000000 
0.027234700000000 0.000000000000000 0.059825900000000 0.074009700000000 0.070796600000000 
0.000735522000000 0.013775400000000 0.029490100000000 0.012461000000000 0.022477600000000 
0.000000000000000 0.000000000000000 0.001224260000000 0.000000000000000 0.000025170100000 
0.056044000000000 0.058850800000000 0.047339900000000 0.056231000000000 0.067650400000000 
0.027145000000000 0.028813200000000 0.046768200000000 0.003285590000000 0.000000000000000 
0.005868550000000 0.031865800000000 0.000083531200000 0.000000000000000 0.003390450000000 
0.013220600000000 0.053274700000000 0.010228800000000 0.030326600000000 0.013095500000000 
0.000088524600000 0.000080921400000 0.000000000000000 0.000307146000000 0.000000000000000 
0.000000000000000 0.000000000000000 0.000000000000000 0.000000000000000 0.001396050000000 
0.001119820000000 0.000000000000000 0.022549300000000 0.009050710000000 0.029720800000000 
0.000000000000000 0.028103900000000 0.000475044000000 0.000000000000000 0.000000000000000 
0.000000000000000 0.000000000000000 0.006797510000000 0.000000000000000 0.000000000000000 
0.000000000000000 0.000000000000000 0.000000000000000 0.000000000000000 0.000458855000000 
0.000723956000000 0.001123590000000 0.002755000000000 0.000000000000000 0.000000000000000 
0.000080860600000 0.000000000000000 0.003230740000000 0.033889800000000 0.000268900000000 
0.008221930000000 0.000000000000000 0.008405650000000 0.002909210000000 0.000000000000000 
0.000000000000000 0.002338080000000 0.000000000000000 0.000000000000000 0.000660880000000 
0.025137500000000 0.094421200000000 0.045120500000000 0.063319900000000 0.039690600000000 
0.004613470000000 0.004215930000000 0.000380970000000 0.000000000000000 0.000016213500000 
0.000000000000000 0.000000000000000 0.000000000000000 0.000000000000000 0.002255310000000 
0.000688117000000 0.022582700000000 0.012909500000000 0.000094137400000 0.000802307000000 
0.038903800000000 0.032955400000000 0.013755500000000 0.000000000000000 0.001675530000000 
0.009534730000000 0.008238820000000 0.003696670000000 0.000000000000000 0.002851890000000 
0.004804260000000 0.000000000000000 0.005719530000000 0.003342700000000 0.003700040000000 
0.006797170000000 0.000000000000000 0.000000000000000 0.000092133500000 0.005546180000000 
0.000000000000000 0.002938460000000 0.000000000000000 0.000000000000000 0.000000000000000 
0.012869100000000 0.029989500000000 0.034205100000000 0.004756700000000 0.020425900000000 
0.000000000000000 0.045571000000000 0.000000000000000 0.001844500000000 0.000061530000000 
0.000000000000000 0.000000000000000 0.005547050000000 0.000000000000000 0.000605972000000 
0.000000000000000 0.000000000000000 0.018197100000000 0.001511590000000 0.028936400000000 
0.000000000000000 0.062195600000000 0.000000000000000 0.000000000000000 0.000000000000000 
0.032697100000000 0.048890600000000 0.017189100000000 0.017974400000000 0.028458400000000 
0.001337540000000 0.017778400000000 0.015053000000000 0.016311900000000 0.002820300000000 
0.000000000000000 0.000000000000000 0.000000000000000 0.001298370000000 0.000655235000000 
0.121475000000000 0.012453000000000 0.064197200000000 0.014173500000000 0.012053900000000 
0.000250318000000 0.012856200000000 0.000000000000000 0.000000000000000 0.000000000000000 
0.022987400000000 0.029383400000000 0.058050700000000 0.042429200000000 0.021030300000000 
0.000000000000000 0.000000000000000 0.000000000000000 0.002280880000000 0.000000000000000 
0.020557900000000 0.002284070000000 0.003624280000000 0.000000000000000 0.002841900000000 
0.000000000000000 0.000000000000000 0.000061633000000 0.025721700000000 0.001412830000000 
0.033995400000000 0.003099340000000 0.010374400000000 0.002334920000000 0.000477510000000 
0.010512200000000 0.000124706000000 0.008233900000000 0.002198830000000 0.021296800000000 
0.027677000000000 0.028753700000000 0.059593500000000 0.013638600000000 0.012599000000000 
0.000000000000000 0.000599333000000 0.000000000000000 0.000158155000000 0.000000000000000 
0.018727400000000 0.000000000000000 0.000019935700000 0.009226620000000 0.000000000000000 
0.002800010000000 0.031119200000000 0.003455910000000 0.000263141000000 0.023481800000000 
0.000000000000000 0.000143063000000 0.000000000000000 0.000000000000000 0.000000000000000 
0.023709000000000 0.032687500000000 0.019743900000000 0.016048600000000 0.020187600000000 
0.022269100000000 0.000115935000000 0.014020600000000 0.007413900000000 0.002145120000000 
0.000000000000000 0.000000000000000 0.000293665000000 0.000000000000000 0.000899214000000 
0.000000000000000 0.039593000000000 0.008037480000000 0.020418400000000 0.001288000000000 
0.000000000000000 0.022851200000000 0.000000000000000 0.003036480000000 0.000000000000000 
0.000000000000000 0.000000000000000 0.000000000000000 0.000412117000000 0.000317630000000 
0.002210840000000 0.025211300000000 0.022253500000000 0.005939530000000 0.000000000000000 
0.000000000000000 0.001469190000000 0.005929990000000 0.012141400000000 0.001614460000000 
0.000000000000000 0.002785470000000 0.000949524000000 0.000000000000000 0.001942440000000 
0.000000000000000 0.000000000000000 0.019622900000000 0.000000000000000 0.020510800000000 
0.079931900000000 0.121032000000000 0.020223700000000 0.011095600000000 0.046633600000000 
0.037450900000000 0.018146900000000 0.033222100000000 0.059041200000000 0.015878100000000 
0.000000000000000 0.022111800000000 0.001022770000000 0.000000000000000 0.000000000000000 
0.000481592000000 0.001555670000000 0.000044738100000 0.000199505000000 0.000000000000000 
0.010516700000000 0.000000000000000 0.018268400000000 0.011981800000000 0.010757600000000 
0.000000000000000 0.000000000000000 0.000000000000000 0.000000000000000 0.000000000000000 
0.000000000000000 0.000000000000000 0.000000000000000 0.000780925000000 0.001513610000000 
0.000026497100000 0.000702685000000 0.001329690000000 0.005443080000000 0.000000000000000 
0.022405500000000 0.000424068000000 0.040710400000000 0.037768700000000 0.032029400000000 
0.005889930000000 0.000000000000000 0.006088070000000 0.000044544600000 0.000719199000000 
0.022871400000000 0.000000000000000 0.073081000000000 0.027750000000000 0.064852100000000 
0.039860000000000 0.070776100000000 0.056445100000000 0.027854600000000 0.046992200000000 
0.002149690000000 0.073665700000000 0.001472220000000 0.000000000000000 0.000000000000000 
0.001324810000000 0.001153460000000 0.000510934000000 0.006104890000000 0.000000000000000 
0.000661743000000 0.006632080000000 0.010339100000000 0.038668000000000 0.000627305000000 
0.000000000000000 0.000000000000000 0.000000000000000 0.000000000000000 0.000042385600000 
0.000000000000000 0.000966775000000 0.000000000000000 0.015203400000000 0.021051800000000 
0.000000000000000 0.000000000000000 0.000262468000000 0.000000000000000 0.000073885200000 
0.000000000000000 0.000000000000000 0.000000000000000 0.019528400000000 0.000000000000000 
0.000000000000000 0.017469200000000 0.000000000000000 0.000000000000000 0.001206160000000 
0.014398700000000 0.067804400000000 0.007085550000000 0.000000000000000 0.001737680000000 
0.008941210000000 0.000000000000000 0.011259400000000 0.023008300000000 0.004438160000000 
0.003191400000000 0.000000000000000 0.019753400000000 0.010594700000000 0.015067700000000 
0.000000000000000 0.036075500000000 0.000000000000000 0.000000000000000 0.000000000000000 
0.000578495000000 0.000000000000000 0.014744200000000 0.020447200000000 0.005020720000000 
0.000000000000000 0.000000000000000 0.000000000000000 0.000000000000000 0.000000000000000 
0.004698200000000 0.010796500000000 0.009054540000000 0.004758100000000 0.022182300000000 
0.000587725000000 0.000000000000000 0.000260654000000 0.000000000000000 0.000000000000000 
0.000105709000000 0.010664500000000 0.000000000000000 0.000000000000000 0.000000000000000 
0.000000000000000 0.017548400000000 0.001022770000000 0.000836983000000 0.002001300000000 
0.005397980000000 0.000000000000000 0.000000000000000 0.000000000000000 0.000215595000000 
0.015436500000000 0.001050470000000 0.016496600000000 0.044154100000000 0.007458380000000 
0.000000000000000 0.000000000000000 0.000000000000000 0.012477100000000 0.004163780000000 
0.000000000000000 0.002561200000000 0.000000000000000 0.000000000000000 0.000000000000000 
0.008228290000000 0.037630100000000 0.026294600000000 0.032020100000000 0.050369700000000 
0.000191651000000 0.000000000000000 0.000031199200000 0.000643535000000 0.000000000000000 
0.100659000000000 0.000000000000000 0.101728000000000 0.033401800000000 0.081856300000000 
0.025023500000000 0.021719400000000 0.038848600000000 0.103677000000000 0.035528100000000 
0.018801400000000 0.000000000000000 0.014018200000000 0.008746350000000 0.008565030000000 
0.000455500000000 0.041551600000000 0.004841220000000 0.000285370000000 0.000050710200000 
0.002741950000000 0.036406200000000 0.001761360000000 0.000154376000000 0.000041222200000 
0.009748320000000 0.000000000000000 0.000000000000000 0.000000000000000 0.000067804000000 
0.017143400000000 0.007277600000000 0.002687250000000 0.000007243260000 0.000342003000000 
0.000000000000000 0.006043060000000 0.000000000000000 0.000000000000000 0.001045830000000 
0.000000000000000 0.000000000000000 0.000000000000000 0.000000000000000 0.000000000000000 
0.007101100000000 0.003927380000000 0.019603600000000 0.000000000000000 0.000000000000000 
0.000000000000000 0.035403900000000 0.000737689000000 0.014872400000000 0.000000000000000 
0.058140300000000 0.047582200000000 0.033608900000000 0.015847700000000 0.016295600000000 
0.000000000000000 0.000000000000000 0.004974220000000 0.006324680000000 0.004861420000000 
0.000114805000000 0.000000000000000 0.000000000000000 0.000000000000000 0.000000000000000 
0.000000000000000 0.000000000000000 0.000023852700000 0.000176396000000 0.000000000000000 
0.002355020000000 0.000000000000000 0.026319800000000 0.002230000000000 0.001352570000000 
0.021723000000000 0.011163700000000 0.028616800000000 0.028641400000000 0.010284700000000 
0.034563900000000 0.047428700000000 0.028045000000000 0.000000000000000 0.024640700000000 
0.000000000000000 0.000000000000000 0.000000000000000 0.001553500000000 0.000000000000000 
0.030353100000000 0.020485400000000 0.031136900000000 0.039985200000000 0.013154800000000 
0.006116240000000 0.023270400000000 0.018185700000000 0.012937700000000 0.018029700000000 
0.005984920000000 0.000000000000000 0.000100245000000 0.001351780000000 0.006187380000000 
0.000219561000000 0.000000000000000 0.000000000000000 0.000066177700000 0.000219407000000 
0.000000000000000 0.001610520000000 0.010956300000000 0.017658100000000 0.027497700000000 
0.005512630000000 0.005958600000000 0.001465810000000 0.000000000000000 0.000000000000000 
0.000000000000000 0.000000000000000 0.017293900000000 0.008384640000000 0.044400900000000 
0.010296300000000 0.019905300000000 0.000000000000000 0.026740300000000 0.000000000000000 
0.000000000000000 0.000000000000000 0.010478500000000 0.001436900000000 0.001663120000000 
0.000424544000000 0.000000000000000 0.000461127000000 0.000000000000000 0.000000000000000 
0.008457510000000 0.000000000000000 0.000161601000000 0.009610390000000 0.001538580000000 
0.015642200000000 0.059808300000000 0.041411700000000 0.041896800000000 0.038308300000000 
0.000000000000000 0.001111730000000 0.000000000000000 0.000320925000000 0.009677720000000 
0.000000000000000 0.000000000000000 0.000000000000000 0.002629120000000 0.001846990000000 
0.026988700000000 0.000000000000000 0.005918260000000 0.044129500000000 0.024577400000000 
0.009945000000000 0.000000000000000 0.001083920000000 0.019000800000000 0.018182200000000 
0.101871000000000 0.027441600000000 0.073839100000000 0.065252300000000 0.071160500000000 
0.044142000000000 0.021686300000000 0.001754210000000 0.007866750000000 0.001155920000000 
0.009825960000000 0.051174500000000 0.020858200000000 0.004850120000000 0.021463500000000 
0.000000000000000 0.003325730000000 0.000000000000000 0.000000000000000 0.000000000000000 
0.006862580000000 0.017119200000000 0.000000000000000 0.007037250000000 0.000000000000000 
0.042226800000000 0.001504480000000 0.011494600000000 0.004418860000000 0.029957000000000 
0.047262600000000 0.051964900000000 0.012746400000000 0.000315724000000 0.001477440000000 
0.000000000000000 0.000000000000000 0.005595660000000 0.000000000000000 0.003428320000000 
0.000062822800000 0.066696400000000 0.007306450000000 0.004360120000000 0.000489775000000 
0.039297000000000 0.000000000000000 0.067811000000000 0.025907300000000 0.086710200000000 
0.001347570000000 0.000000000000000 0.000410898000000 0.000000000000000 0.000685301000000 
0.000195048000000 0.000000000000000 0.000005368140000 0.000000000000000 0.000000000000000 
0.000202880000000 0.000000000000000 0.000790455000000 0.006166360000000 0.000282875000000 
0.000105096000000 0.000000000000000 0.000000000000000 0.000665942000000 0.000000000000000 
0.028484300000000 0.071166900000000 0.059936800000000 0.003276300000000 0.049400900000000 
0.051687100000000 0.000000000000000 0.035497300000000 0.165907000000000 0.110738000000000 
0.015288100000000 0.001036120000000 0.014297000000000 0.008281210000000 0.002585340000000 
0.000000000000000 0.000000000000000 0.000000000000000 0.000000000000000 0.000000000000000 
0.021403800000000 0.012372800000000 0.003912050000000 0.001177870000000 0.000175989000000 
0.000000000000000 0.073361900000000 0.009914000000000 0.000000000000000 0.000000000000000 
0.084835800000000 0.000000000000000 0.068700100000000 0.075294600000000 0.063816600000000 
0.022403100000000 0.027546100000000 0.068165400000000 0.061845900000000 0.076113700000000 
0.032389500000000 0.052838600000000 0.015326000000000 0.018302400000000 0.051745700000000 
0.045476000000000 0.067216100000000 0.064029100000000 0.037512800000000 0.024086500000000 
0.015596700000000 0.000000000000000 0.004048720000000 0.049241300000000 0.049581100000000 
0.000000000000000 0.044765600000000 0.000519856000000 0.000000000000000 0.000000000000000 
0.000000000000000 0.005136330000000 0.000000000000000 0.002745780000000 0.001657910000000 
0.000139526000000 0.000000000000000 0.000144166000000 0.000000000000000 0.000000000000000 
0.027105900000000 0.000000000000000 0.023542600000000 0.013930300000000 0.024667700000000 
0.000000000000000 0.006466240000000 0.000000000000000 0.000000000000000 0.000000000000000 
0.010487700000000 0.001785750000000 0.014214100000000 0.002989790000000 0.006841970000000 
0.102118000000000 0.022463400000000 0.073043200000000 0.021585400000000 0.006278710000000 
0.000000000000000 0.000000000000000 0.000000000000000 0.000000000000000 0.000000000000000 
0.003315420000000 0.003735530000000 0.013041600000000 0.042906400000000 0.062539300000000 
0.021467000000000 0.048770900000000 0.024969100000000 0.033339300000000 0.067675900000000 
0.000000000000000 0.000947547000000 0.000000000000000 0.000000000000000 0.000000000000000 
0.074173400000000 0.000000000000000 0.052445900000000 0.101584000000000 0.127095000000000 
0.001503030000000 0.000972781000000 0.000003979320000 0.001490250000000 0.001156530000000 
0.027035000000000 0.033914300000000 0.041473200000000 0.004188600000000 0.003868790000000 
0.025078800000000 0.039344100000000 0.040159600000000 0.019667000000000 0.021730700000000 
0.019197200000000 0.029470400000000 0.038488400000000 0.017074500000000 0.036101100000000 
0.003841950000000 0.000250339000000 0.000000000000000 0.000000000000000 0.000000000000000 
0.026301100000000 0.033704400000000 0.031573200000000 0.063081700000000 0.043031900000000 
0.069733400000000 0.000000000000000 0.076695200000000 0.047605200000000 0.035391200000000 
0.050209700000000 0.064600000000000 0.053323500000000 0.002859590000000 0.045722300000000 
0.038509800000000 0.011633600000000 0.021463400000000 0.000000000000000 0.000336940000000 
0.120052000000000 0.000151107000000 0.135243000000000 0.061489000000000 0.086295800000000 
0.034545500000000 0.000569651000000 0.015851400000000 0.023623800000000 0.032973200000000 
0.001730520000000 0.000000000000000 0.000000000000000 0.008134240000000 0.001504400000000 
0.000000000000000 0.012241800000000 0.000000000000000 0.000148373000000 0.000000000000000 
0.004439160000000 0.019576200000000 0.024175400000000 0.021122000000000 0.029077200000000 
0.000070512700000 0.000000000000000 0.013385100000000 0.031360700000000 0.025383000000000 
0.034305800000000 0.002331870000000 0.041030400000000 0.026478500000000 0.067000500000000 
0.068202400000000 0.012547500000000 0.059096100000000 0.014185000000000 0.025368900000000 
0.054541400000000 0.001560470000000 0.038064800000000 0.057254800000000 0.054315600000000 
0.090628300000000 0.000417074000000 0.069608600000000 0.027319700000000 0.033718400000000 
0.000000000000000 0.004847780000000 0.002444910000000 0.001354350000000 0.009686300000000 
0.000000000000000 0.000000000000000 0.000000000000000 0.000000000000000 0.000000000000000 
0.014231100000000 0.058786700000000 0.034048100000000 0.000000000000000 0.005864070000000 
0.000254528000000 0.000000000000000 0.026583100000000 0.002353830000000 0.007293690000000 
0.013523600000000 0.020101800000000 0.032618300000000 0.000000000000000 0.000000000000000 
0.056124100000000 0.003790970000000 0.091571900000000 0.048741900000000 0.047812500000000 
0.022184100000000 0.005614570000000 0.012193900000000 0.017775700000000 0.016750000000000 
0.013063200000000 0.023138500000000 0.017224600000000 0.000406167000000 0.001567230000000 
0.001367800000000 0.042015200000000 0.002555610000000 0.000000000000000 0.000000000000000 
0.011192200000000 0.000000000000000 0.027953000000000 0.000318409000000 0.011632000000000 
0.045408700000000 0.002877420000000 0.031274000000000 0.004810160000000 0.002595660000000 
0.037115400000000 0.000000000000000 0.051759900000000 0.031531200000000 0.016941000000000 
0.018641300000000 0.000000000000000 0.020957500000000 0.000000000000000 0.000000000000000 
0.097658600000000 0.029474100000000 0.024733400000000 0.046875900000000 0.071430000000000 
0.103297000000000 0.039171100000000 0.090834200000000 0.000717651000000 0.031413100000000 
0.010318900000000 0.000688212000000 0.011953100000000 0.045566300000000 0.026828300000000 
0.013857900000000 0.000000000000000 0.011654900000000 0.004067790000000 0.006455070000000 
0.012277600000000 0.031130200000000 0.000058620000000 0.000476414000000 0.006516920000000 
0.024216000000000 0.000000000000000 0.003702470000000 0.013782600000000 0.014992500000000 
0.081161300000000 0.005151830000000 0.071875300000000 0.051590600000000 0.065769000000000 
0.000000000000000 0.044227500000000 0.005660960000000 0.006238740000000 0.000000000000000 
0.000000000000000 0.008977770000000 0.001759050000000 0.000000000000000 0.000000000000000 
0.039123300000000 0.002658760000000 0.007184800000000 0.000289730000000 0.001292630000000 
0.017535400000000 0.004714870000000 0.030907600000000 0.025093600000000 0.021193400000000 
0.000000000000000 0.023718400000000 0.001909940000000 0.006612620000000 0.000000000000000 
0.000000000000000 0.041365200000000 0.003022350000000 0.000001978240000 0.000000000000000 
0.060616800000000 0.023633100000000 0.059945900000000 0.089203000000000 0.113349000000000 
0.003483340000000 0.000000000000000 0.003136350000000 0.000000000000000 0.005833310000000 
0.035040300000000 0.004640470000000 0.018113800000000 0.031971400000000 0.035755400000000 
0.018833000000000 0.038487200000000 0.017156700000000 0.000009357740000 0.015306900000000 
0.028662000000000 0.000000000000000 0.036577800000000 0.045683700000000 0.076330900000000 
0.003067970000000 0.000000000000000 0.000000000000000 0.000000000000000 0.000000000000000 
0.000000000000000 0.000000000000000 0.000000000000000 0.000000000000000 0.000000000000000 
0.000586643000000 0.036441700000000 0.000000000000000 0.000000000000000 0.000000000000000 
0.012078500000000 0.000000000000000 0.021875100000000 0.003639730000000 0.036942600000000 
0.000000000000000 0.006738680000000 0.003230770000000 0.000000000000000 0.001091510000000 
0.000000000000000 0.002473960000000 0.019665400000000 0.005348460000000 0.005567310000000 
0.000000000000000 0.017606500000000 0.000000000000000 0.000000000000000 0.000000000000000 
0.000000000000000 0.000000000000000 0.008279280000000 0.000000000000000 0.013218200000000 
0.000000000000000 0.013340400000000 0.000000000000000 0.000000000000000 0.000000000000000 
0.000000000000000 0.040986600000000 0.031254600000000 0.000000000000000 0.001488070000000 
0.090243200000000 0.009690770000000 0.084462900000000 0.044629400000000 0.094770500000000 
0.000191749000000 0.004272830000000 0.008449230000000 0.000000000000000 0.007577790000000 
0.000000000000000 0.000000000000000 0.005495340000000 0.000354184000000 0.000000000000000 
0.002932980000000 0.001432400000000 0.007402510000000 0.000000000000000 0.000055416900000 
0.117913000000000 0.000951409000000 0.076748600000000 0.045257800000000 0.043301400000000 
0.006539460000000 0.000000000000000 0.000032320800000 0.002928860000000 0.014551600000000 
0.114489000000000 0.000000000000000 0.087693500000000 0.143814000000000 0.152415000000000 
0.059862200000000 0.005875000000000 0.053440300000000 0.155149000000000 0.151771000000000 
0.005264730000000 0.070946700000000 0.031895700000000 0.003536270000000 0.027799500000000 
0.000000000000000 0.000000000000000 0.000242906000000 0.005059700000000 0.016316100000000 
0.025953400000000 0.061813800000000 0.051303300000000 0.017496700000000 0.057790900000000 
0.020044700000000 0.090969700000000 0.026812200000000 0.000000000000000 0.000000000000000 
0.009121010000000 0.000130652000000 0.000677191000000 0.033118800000000 0.017747400000000 
0.003154720000000 0.000525142000000 0.009828950000000 0.026168700000000 0.024276200000000 
0.105020000000000 0.001720710000000 0.047401200000000 0.032976100000000 0.072910300000000 
0.021386300000000 0.039707400000000 0.042823300000000 0.049163200000000 0.094216500000000 
0.000000000000000 0.001388910000000 0.000000000000000 0.002508060000000 0.000200011000000 
0.004404490000000 0.000000000000000 0.001782820000000 0.002901870000000 0.003904550000000 
0.039324800000000 0.059784000000000 0.050024900000000 0.000056714800000 0.029491300000000 
0.022687800000000 0.030625200000000 0.019628600000000 0.000000000000000 0.000000000000000 
0.073892000000000 0.028317800000000 0.008698520000000 0.001732020000000 0.000000000000000 
0.043731200000000 0.014509000000000 0.017071200000000 0.001304970000000 0.002613590000000 
0.000000000000000 0.000000000000000 0.000000000000000 0.005337120000000 0.000000000000000 
0.018883800000000 0.000000000000000 0.002361380000000 0.018452400000000 0.006417390000000 
0.051859900000000 0.000000000000000 0.000000000000000 0.000000000000000 0.030434900000000 
0.002062270000000 0.000000000000000 0.006756120000000 0.000000000000000 0.002319590000000 
0.000000000000000 0.028248700000000 0.000000000000000 0.000000000000000 0.000000000000000 
0.103429000000000 0.160612000000000 0.006955060000000 0.000000000000000 0.000000000000000 
0.029672300000000 0.000114912000000 0.019653800000000 0.022566100000000 0.017177300000000 
0.000000000000000 0.000000000000000 0.000000000000000 0.000000000000000 0.000000000000000 
0.116642000000000 0.001380120000000 0.122488000000000 0.076336700000000 0.092989700000000 
0.162481000000000 0.124757000000000 0.211924000000000 0.191808000000000 0.148516000000000 
0.000000000000000 0.000000000000000 0.000000000000000 0.000000000000000 0.000000000000000 
0.016632200000000 0.000000000000000 0.024992300000000 0.006540640000000 0.091015700000000 
0.000000000000000 0.000000000000000 0.002003250000000 0.029827000000000 0.020307800000000 
0.000000000000000 0.000019444800000 0.000000000000000 0.000000000000000 0.000000000000000 
0.000489275000000 0.000000000000000 0.011278000000000 0.000000000000000 0.004654130000000 
0.032753100000000 0.000000000000000 0.046281600000000 0.044566100000000 0.008283010000000 
0.036787100000000 0.035795100000000 0.065683000000000 0.039985400000000 0.071523800000000 
0.002162510000000 0.018513000000000 0.020089000000000 0.005824370000000 0.033508000000000 
0.000000000000000 0.000000000000000 0.002815590000000 0.000000000000000 0.002143010000000 
0.093487900000000 0.011677900000000 0.078741500000000 0.082763500000000 0.120813000000000 
0.044022100000000 0.000498420000000 0.019034900000000 0.002483600000000 0.010340200000000 
0.013981000000000 0.000000000000000 0.004776810000000 0.000000000000000 0.002634200000000 
0.053937700000000 0.000000000000000 0.079436700000000 0.167978000000000 0.107798000000000 
0.000000000000000 0.026942500000000 0.000000000000000 0.016918000000000 0.000000000000000 
0.019914200000000 0.039981600000000 0.000626926000000 0.000000000000000 0.000000000000000 
0.000000000000000 0.000000000000000 0.000000000000000 0.000000000000000 0.000000000000000 
0.000000000000000 0.000161757000000 0.086715700000000 0.046392200000000 0.041331800000000 
0.035527400000000 0.006119290000000 0.013948900000000 0.005226520000000 0.003177010000000 
0.000000000000000 0.000000000000000 0.000000000000000 0.000000000000000 0.000000000000000 
0.083006800000000 0.000897317000000 0.000000000000000 0.000000000000000 0.013104600000000 
0.023978100000000 0.000000000000000 0.117982000000000 0.159759000000000 0.094259800000000 
0.000000000000000 0.082622900000000 0.001815490000000 0.007009910000000 0.000000000000000 
0.002833110000000 0.062036000000000 0.016771800000000 0.032734500000000 0.004228450000000 
0.020836400000000 0.000000000000000 0.041668800000000 0.086965100000000 0.098445100000000 
0.000000000000000 0.033227100000000 0.000349750000000 0.000000000000000 0.000000000000000 
0.031977200000000 0.000904678000000 0.031038900000000 0.004534830000000 0.024149800000000 
0.002570000000000 0.000000000000000 0.000512427000000 0.000668434000000 0.000000000000000 
0.008951930000000 0.007915850000000 0.070350400000000 0.000000000000000 0.000000000000000 
0.043577200000000 0.006150440000000 0.055239300000000 0.008090970000000 0.021218600000000 
0.031463700000000 0.000000000000000 0.009948400000000 0.004613700000000 0.008926940000000 
0.000000000000000 0.007704720000000 0.000000000000000 0.002316040000000 0.006160560000000 
0.000000000000000 0.000000000000000 0.000000000000000 0.000000000000000 0.000000000000000 
0.069290000000000 0.028444400000000 0.000000000000000 0.031059300000000 0.003191260000000 
0.014547900000000 0.012848300000000 0.005786200000000 0.000000000000000 0.000000000000000 
0.000000000000000 0.000000000000000 0.000000000000000 0.000000000000000 0.000000000000000 
0.030088600000000 0.000000000000000 0.025530000000000 0.000000000000000 0.000000000000000 
0.000424473000000 0.000000000000000 0.003721810000000 0.015016900000000 0.013281800000000 
0.013526300000000 0.042011300000000 0.046499900000000 0.009751880000000 0.003715160000000 
0.000000000000000 0.000000000000000 0.000000000000000 0.000000000000000 0.000000000000000 
0.026372000000000 0.000000000000000 0.054157200000000 0.002882510000000 0.002079290000000 
0.003712970000000 0.037620100000000 0.046327000000000 0.056828800000000 0.094837600000000 
0.086038100000000 0.025979300000000 0.071891900000000 0.129032000000000 0.067286700000000 
0.057498900000000 0.000000000000000 0.022863400000000 0.006074990000000 0.022273000000000 
0.014979300000000 0.000000000000000 0.056105200000000 0.092024300000000 0.084623500000000 
0.000000000000000 0.033839700000000 0.003162200000000 0.000000000000000 0.000000000000000 
0.029505300000000 0.010303300000000 0.028396100000000 0.050522400000000 0.015390200000000 
0.000000000000000 0.013931600000000 0.000000000000000 0.000000000000000 0.000000000000000 
0.002199130000000 0.039828300000000 0.000000000000000 0.000000000000000 0.001219430000000 
0.004456690000000 0.000000000000000 0.009915780000000 0.008386510000000 0.014922500000000 
0.000000000000000 0.000000000000000 0.000000000000000 0.000000000000000 0.000000000000000 
0.004405230000000 0.018568200000000 0.000000000000000 0.000000000000000 0.005789660000000 
0.010109400000000 0.000000000000000 0.013665400000000 0.027876300000000 0.036923300000000 
0.003647440000000 0.128424000000000 0.093864700000000 0.056075400000000 0.071114000000000 
0.103633000000000 0.121977000000000 0.120247000000000 0.183218000000000 0.116788000000000 
0.006523580000000 0.000000000000000 0.000000000000000 0.006037770000000 0.023516200000000 
0.003978170000000 0.056665800000000 0.010126000000000 0.000650720000000 0.016533900000000 
0.078303000000000 0.032463700000000 0.036246300000000 0.004667780000000 0.000000000000000 
0.000000000000000 0.000000000000000 0.000000000000000 0.000000000000000 0.000000000000000 
0.004390850000000 0.084745700000000 0.001865400000000 0.037391500000000 0.002183970000000 
0.005461170000000 0.000000000000000 0.000000000000000 0.010329600000000 0.000000000000000 
0.028556600000000 0.000000000000000 0.008531800000000 0.000000000000000 0.000322013000000 
0.031721500000000 0.037237200000000 0.002610780000000 0.032574200000000 0.054137500000000 
0.000000000000000 0.000000000000000 0.011397600000000 0.000832392000000 0.007631740000000 
0.001333760000000 0.000000000000000 0.000000000000000 0.000000000000000 0.000000000000000 
0.001686060000000 0.000000000000000 0.000000000000000 0.001254400000000 0.000000000000000 
0.000000000000000 0.000000000000000 0.000000000000000 0.002073910000000 0.000000000000000 
0.006921270000000 0.006337500000000 0.001424800000000 0.001450800000000 0.000199910000000 
0.000000000000000 0.000000000000000 0.000575827000000 0.000000000000000 0.000000000000000 
0.000000000000000 0.001209010000000 0.000000000000000 0.000000000000000 0.000000000000000 
0.058738100000000 0.000000000000000 0.004125880000000 0.013712800000000 0.006050950000000 
0.069679100000000 0.000000000000000 0.000000000000000 0.000116046000000 0.000631761000000 
0.000000000000000 0.000000000000000 0.000000000000000 0.003957220000000 0.000000000000000 
0.176713000000000 0.000000000000000 0.045764800000000 0.038404100000000 0.032866000000000 
0.003671740000000 0.000000000000000 0.014854400000000 0.000022533800000 0.022595900000000 
0.073839800000000 0.106191000000000 0.094819300000000 0.064417000000000 0.026687500000000 
0.010576400000000 0.131887000000000 0.005489820000000 0.039260200000000 0.000000000000000 
0.025594700000000 0.000000000000000 0.106808000000000 0.113975000000000 0.092624900000000 
0.000000000000000 0.003189750000000 0.000000000000000 0.000000000000000 0.000000000000000 
0.000000000000000 0.000000000000000 0.000000000000000 0.000000000000000 0.000000000000000 
0.000000000000000 0.000000000000000 0.000000000000000 0.000000000000000 0.000000000000000 
0.000370743000000 0.000000000000000 0.007820470000000 0.060595300000000 0.010461100000000 
0.000229732000000 0.006534270000000 0.001834230000000 0.014758800000000 0.001498870000000 
0.000000000000000 0.000000000000000 0.000000000000000 0.000000000000000 0.000000000000000 
0.004455400000000 0.021440600000000 0.000000000000000 0.000000000000000 0.000000000000000 
0.000000000000000 0.000000000000000 0.000000000000000 0.000000000000000 0.000000000000000 
0.040057600000000 0.011831900000000 0.038603300000000 0.006403170000000 0.000000000000000 
0.068142400000000 0.001559290000000 0.045953000000000 0.031887600000000 0.016543300000000 
0.034574100000000 0.000000000000000 0.000000000000000 0.001817990000000 0.031862700000000 
0.038915700000000 0.105032000000000 0.036640400000000 0.039286500000000 0.000000000000000 
0.058923700000000 0.000000000000000 0.038182500000000 0.112843000000000 0.107704000000000 
0.053227900000000 0.042337700000000 0.106489000000000 0.048324600000000 0.025956700000000 
0.000000000000000 0.018079600000000 0.002051220000000 0.022576600000000 0.019691900000000 
0.069473200000000 0.000000000000000 0.032346900000000 0.027066100000000 0.022172600000000 
0.087193900000000 0.032393600000000 0.086228800000000 0.000000000000000 0.004566340000000 
0.001756340000000 0.000000000000000 0.000000000000000 0.007550830000000 0.000000000000000 
0.056323300000000 0.000538108000000 0.055082200000000 0.060597200000000 0.080388700000000 
0.000000000000000 0.000000000000000 0.000000000000000 0.000000000000000 0.000000000000000 
0.001450330000000 0.000000000000000 0.019015400000000 0.000136955000000 0.004584100000000 
0.000000000000000 0.000000000000000 0.000000000000000 0.000000000000000 0.000000000000000 
0.000000000000000 0.000000000000000 0.001334160000000 0.019776400000000 0.019387200000000 
0.007371360000000 0.016318000000000 0.000000000000000 0.003630980000000 0.000000000000000 
0.078133400000000 0.130344000000000 0.019167100000000 0.000000000000000 0.000000000000000 
0.041579000000000 0.002444410000000 0.066619900000000 0.053590300000000 0.047383400000000 
0.046104000000000 0.005352370000000 0.066809200000000 0.093646200000000 0.171241000000000 
0.000000000000000 0.000000000000000 0.001216160000000 0.013905700000000 0.000907826000000 
0.059031900000000 0.000000000000000 0.001052150000000 0.050801200000000 0.013829800000000 
0.038244000000000 0.000000000000000 0.025883900000000 0.058471000000000 0.054597900000000 
0.000000000000000 0.000138527000000 0.000000000000000 0.000000000000000 0.000000000000000 
0.108133000000000 0.050811900000000 0.045308100000000 0.018824600000000 0.041022600000000 
0.019808500000000 0.000000000000000 0.010429000000000 0.038209800000000 0.016124800000000 
0.014481700000000 0.047679100000000 0.026612600000000 0.086070500000000 0.001820190000000 
0.004908090000000 0.002677030000000 0.000000000000000 0.000000000000000 0.000000000000000 
0.000000000000000 0.000000000000000 0.000000000000000 0.000000000000000 0.011367700000000 
0.001309680000000 0.000000000000000 0.024174900000000 0.007201820000000 0.043854700000000 
0.004274720000000 0.000000000000000 0.004494260000000 0.001175810000000 0.025371000000000 
0.064331900000000 0.000000000000000 0.087449900000000 0.073201400000000 0.133903000000000 
0.010229200000000 0.000000000000000 0.020412400000000 0.096144600000000 0.105159000000000 
0.135095000000000 0.120298000000000 0.089826000000000 0.115493000000000 0.026106500000000 
0.000000000000000 0.000000000000000 0.000000000000000 0.000268269000000 0.056857800000000 
0.071003400000000 0.003336170000000 0.030527000000000 0.031015900000000 0.001587930000000 
