0.063779367743845 
0.073264915621733 
0.075647685291698 
0.082921444743235 
0.031993896434392 
0.058949410140716 
0.044458953341872 
0.117652056299484 
-0.001798287028898 
0.037336990847969 
0.073956714912532 
-0.010522093764468 
0.027800113640477 
0.125830620299299 
0.024835209454451 
-0.031113984777081 
0.084964123272329 
0.059414072368317 
0.096664978487802 
0.079433452764582 
0.158947666516132 
0.063304071591295 
0.033626404297878 
0.029024703856879 
0.018394922429452 
0.038319438168879 
0.067853413003686 
0.088705890711152 
0.116920278941824 
0.078077227023117 
0.051732785641638 
0.020505888685980 
0.012874799147603 
0.049746758159510 
0.077321758661345 
-0.027261458124239 
-0.008616089861764 
0.047504956258348 
0.005382205406246 
0.061727246995707 
0.029966716341552 
0.002765263753480 
0.052572695310747 
0.059019847529879 
0.118060063408551 
0.058036147269229 
0.111888337976437 
0.011996633740043 
0.079281084759218 
-0.065331310815648 
0.011399439703915 
0.109591709595173 
0.114899579043283 
0.075861578489715 
0.187561557623990 
0.062369299304836 
0.097621247356480 
0.119761084992687 
0.136925746101745 
-0.014862896689357 
0.045630868374647 
-0.005255976544252 
0.030049516887612 
0.027050316064331 
0.000000000000000 
0.041760683479183 
0.030932620076394 
0.157896889253403 
-0.067333430176568 
0.082683981056177 
0.033454266902141 
0.022749726133748 
0.053613884020940 
0.036966911314117 
0.056061561226180 
0.064560316660695 
0.129677604258846 
0.000000000000000 
0.001242353283361 
0.009640643285320 
0.053890881030287 
0.010132301145382 
0.000000000000000 
0.023647345284445 
0.015978486641642 
0.081967860458280 
-0.013372699416913 
0.041654771638084 
0.037133465581320 
0.078522791587797 
0.041303409042244 
0.079901139706969 
0.019856697766499 
0.080836781017912 
0.098218479678449 
0.067364407162907 
0.037946107680962 
0.019571628511437 
0.011162970293159 
0.169862331136792 
0.092927097601868 
0.023895655412820 
0.139838580265131 
0.047111627430271 
0.003222627769176 
0.064565984443385 
0.079081265309078 
0.063656258607747 
0.041352117348969 
