1 0
2 1
2051 2
4 3
5 4
6 5
7 6
11 7
12 8
13 9
14 10
17 11
3 12
20 13
2069 14
22 15
23 16
24 17
25 18
27 19
28 20
29 21
30 22
31 23
32 24
33 25
34 26
2083 27
36 28
37 29
38 30
39 31
2088 32
41 33
42 34
2055 35
44 36
45 37
47 38
48 39
49 40
50 41
2099 42
2101 43
2102 44
55 45
56 46
57 47
2106 48
59 49
60 50
1255 51
63 2000
2112 52
66 53
67 54
68 55
69 56
70 57
71 58
72 59
73 60
74 61
2123 62
76 63
77 64
2061 65
80 66
2129 67
82 68
83 69
84 70
85 71
88 72
89 73
90 74
91 75
92 76
94 77
95 78
96 79
97 80
98 81
99 82
101 83
102 84
104 85
105 86
106 87
107 88
109 89
110 90
2159 91
112 92
113 93
114 94
115 95
117 96
118 97
2409 98
120 99
2169 100
122 101
123 102
124 103
126 104
21 105
128 106
129 107
130 108
131 109
132 110
133 111
134 112
135 113
136 114
2185 115
138 116
139 117
140 118
141 119
142 120
143 121
144 122
145 123
146 124
147 125
148 126
150 127
151 128
2200 129
153 130
154 131
2203 2001
156 132
157 133
158 134
159 135
160 136
163 137
165 138
2214 139
167 140
168 141
170 142
171 143
172 144
173 145
2222 146
175 147
176 148
177 149
178 150
179 151
180 152
2078 153
184 154
2233 155
186 156
187 157
188 158
189 159
2052 160
191 161
192 162
193 2002
194 163
2245 164
199 165
200 166
201 167
202 168
2251 169
204 170
206 171
208 172
209 173
210 174
211 175
212 176
213 2003
214 177
215 178
218 179
220 180
221 181
222 182
2271 183
224 184
225 185
2196 186
227 187
228 188
229 189
230 190
231 191
232 192
233 193
234 194
235 195
236 196
237 197
239 198
241 199
242 200
244 201
245 202
246 203
247 204
248 205
249 206
250 207
2301 208
255 209
2327 2004
2305 210
259 211
263 212
264 213
265 214
2314 215
267 216
268 217
269 218
270 219
271 220
272 221
274 2005
276 222
277 2006
278 223
279 224
280 225
281 226
282 227
283 228
284 229
285 230
286 231
287 232
288 233
289 234
291 235
293 236
294 237
295 238
296 239
298 240
299 241
300 242
301 243
302 244
304 245
305 246
306 247
1075 248
308 249
309 250
310 251
311 252
2360 253
313 254
314 255
1165 256
317 257
318 258
53 259
320 260
321 261
322 262
323 263
325 264
326 265
328 266
329 267
331 268
332 269
334 270
335 271
337 272
338 273
339 274
340 275
2389 276
343 277
345 278
347 279
348 280
349 281
350 282
351 283
352 284
355 285
356 286
357 287
358 288
360 289
361 290
362 291
363 292
2089 2007
365 293
2414 294
367 295
369 296
370 297
2419 298
374 299
376 300
377 301
378 302
379 303
2428 304
382 305
383 306
384 307
385 308
2171 309
387 310
388 311
389 312
390 313
392 314
393 315
1039 316
396 317
397 318
398 319
399 320
400 321
401 322
404 323
405 324
407 325
408 326
2458 327
411 328
412 329
414 330
416 331
417 332
418 333
421 334
422 335
423 336
424 337
425 338
426 339
427 340
428 341
429 342
431 343
432 344
2482 345
436 346
438 347
440 348
441 349
442 350
443 351
2492 352
445 353
446 354
447 355
448 356
449 357
450 358
451 359
452 360
453 361
454 362
455 363
457 364
458 365
459 366
460 367
462 368
2512 2008
465 369
466 370
467 371
469 372
470 373
471 2009
474 374
475 375
476 376
477 377
478 378
479 379
482 380
483 381
484 382
485 383
486 384
1105 2010
488 385
490 386
491 387
493 388
494 389
495 390
496 391
497 392
498 393
499 394
500 395
501 396
502 397
503 398
505 399
506 400
507 401
509 402
511 403
512 404
513 405
514 406
517 407
518 408
519 409
2570 2011
524 410
525 411
526 412
527 413
528 414
530 415
531 416
532 417
533 418
534 419
535 420
536 421
537 422
538 423
2479 424
542 425
543 426
544 427
545 428
549 429
550 430
551 431
552 432
553 433
554 434
555 435
2606 2012
2607 436
561 437
562 438
563 439
564 440
2142 441
569 442
570 443
571 444
572 445
573 446
574 447
576 448
579 449
580 450
581 451
582 452
583 453
584 454
585 455
586 456
587 457
588 458
589 459
591 460
592 461
2488 462
595 463
596 464
598 465
599 466
600 467
601 468
605 469
607 470
608 471
609 472
610 473
2659 474
612 475
615 476
617 477
618 478
619 479
624 480
625 481
626 482
628 483
2544 2013
631 484
633 485
635 486
636 487
638 488
639 489
640 490
2408 491
644 492
645 493
646 494
647 495
648 496
649 497
651 498
652 499
2391 2014
654 500
656 501
657 502
658 503
659 504
660 505
661 506
662 507
663 508
664 509
665 510
666 511
111 512
2717 2015
670 513
672 514
673 515
674 516
677 517
681 518
682 519
2273 520
684 521
685 522
689 523
691 524
694 525
695 526
696 527
698 528
701 529
702 2016
703 530
705 531
707 532
708 533
710 534
711 535
712 536
713 537
714 2017
716 538
717 539
718 540
720 541
722 542
724 543
725 544
726 545
727 546
729 547
732 548
733 2018
735 549
2784 550
739 551
2287 552
741 553
2187 554
744 555
745 556
746 557
747 558
751 559
753 560
755 561
757 562
758 563
759 564
760 565
761 566
764 567
766 568
767 569
769 570
771 571
2119 572
774 573
775 574
777 575
779 576
780 577
781 578
782 2019
783 579
784 580
785 2020
786 581
788 582
789 583
790 584
791 585
793 586
794 587
795 588
796 589
798 590
800 591
801 592
802 593
803 594
804 595
805 596
806 597
808 598
809 599
811 600
812 601
813 602
815 603
817 604
819 605
821 606
822 607
137 608
824 609
827 610
828 611
2186 612
831 613
832 614
835 615
837 616
838 617
840 618
2526 619
844 620
845 621
846 622
847 623
848 624
850 625
851 626
852 627
854 628
2903 629
856 630
857 631
860 632
863 633
865 634
867 635
2597 2021
870 636
871 637
872 638
874 639
875 640
878 641
829 642
880 643
881 644
882 645
884 646
885 647
886 648
887 649
889 650
890 651
891 652
892 653
893 654
894 655
898 656
900 2022
903 657
904 658
905 659
906 660
907 661
908 662
911 663
913 664
917 665
918 666
2201 667
921 668
922 669
2281 670
924 671
926 672
927 673
929 674
930 675
683 676
934 677
935 678
937 679
938 680
940 681
941 682
942 683
944 684
945 685
946 686
2547 687
948 688
949 689
951 2023
952 690
953 691
2207 692
957 693
958 694
959 695
961 696
962 697
964 698
965 699
966 700
967 701
969 702
970 703
973 704
974 705
975 706
977 707
978 708
979 709
980 710
982 711
983 712
984 713
985 714
986 715
987 716
2215 717
992 718
994 719
995 720
996 721
166 722
1001 2024
1002 723
1003 724
1005 725
1008 2025
1009 726
1012 727
1013 728
1015 729
1016 730
1017 731
1018 732
1019 733
1020 734
1022 735
1024 2026
1026 736
1195 737
1028 738
1032 739
1034 740
1035 741
1037 742
2221 743
1041 744
1043 745
1044 746
1045 747
1047 748
1048 749
1050 750
1051 751
1052 752
1054 753
1541 754
1056 755
1057 756
1061 757
1062 758
1063 759
1065 760
1067 761
1069 762
1070 763
1071 764
1073 765
2227 766
1076 767
1078 768
2559 769
1080 770
1081 771
1083 772
1084 773
1086 774
1087 775
1088 776
1090 777
1093 778
2572 779
1098 780
1100 781
1103 782
1104 783
2232 784
1110 785
1111 786
1112 787
1115 2027
1116 788
2545 789
1120 790
1121 791
1122 792
1123 2028
1124 793
1126 794
1127 795
1128 796
1129 797
1131 798
1133 799
1134 800
1135 801
1138 802
1139 803
1140 804
1141 805
1144 806
1145 807
1148 808
1150 809
1151 810
1152 811
1153 812
1154 813
1155 814
1156 815
2582 816
1158 817
1160 818
1161 819
2583 820
1164 821
2242 822
1170 823
2153 824
1176 825
1178 826
879 827
1183 828
1186 829
2525 2029
1188 2030
1190 830
1191 831
1193 832
1194 833
2247 834
1197 835
1198 836
2248 837
1202 838
1206 839
40 840
1208 841
1211 842
1213 843
1214 844
1217 845
1219 846
1220 847
1226 848
1227 849
1228 850
1229 851
1230 852
1231 853
1233 854
1234 855
1235 856
1236 857
1237 858
1238 859
1239 860
1242 861
1243 862
1245 863
1247 864
1248 865
1249 866
1250 867
1252 868
2054 869
1254 870
2257 871
1256 872
1259 873
1260 874
1261 875
1262 876
1264 877
1265 878
1269 879
1270 880
1271 881
1273 882
1274 883
1276 884
1280 885
1281 886
1282 887
1286 888
1287 889
1289 890
1290 891
1291 892
2839 893
1297 894
1298 895
1299 896
1300 897
1301 898
1304 899
1305 900
1307 901
1308 902
1309 903
1311 904
1312 905
2282 906
1314 907
1316 908
1320 909
1321 910
1323 911
2158 912
1327 913
1329 914
1330 915
1332 916
1333 917
1335 918
1336 919
1338 920
565 921
1345 922
1346 923
1348 924
2660 925
1350 926
1351 927
1353 928
1355 929
1356 930
1357 931
1358 2031
1360 932
1361 933
1362 934
1363 935
1366 936
1367 937
1368 938
1369 2032
1375 2033
1376 939
1378 940
2619 2034
1380 941
2278 2035
1386 942
1387 943
1388 944
1389 945
1390 946
1392 947
1394 948
1398 949
1399 950
1401 951
1403 952
1404 953
1405 954
1406 955
1407 956
1408 2036
1409 957
1411 958
1414 959
1415 960
1418 961
919 962
1420 963
1422 964
1425 965
1427 2037
1429 966
1431 967
1433 968
1434 969
1435 970
1436 971
1437 972
1438 973
1439 974
1440 975
2178 976
1445 977
1446 978
1449 979
1450 980
1451 981
1455 982
2444 983
1460 984
1461 985
1466 986
1467 987
1469 988
1470 989
1473 990
1474 991
1480 992
1481 993
1485 994
1486 995
1487 996
1489 997
1490 998
1493 999
1494 1000
1495 1001
1498 1002
1499 1003
1500 1004
1501 1005
1502 1006
1957 1007
1506 1008
1507 1009
1510 1010
1512 1011
1514 1012
1515 1013
1516 1014
1517 1015
2369 2038
1519 1016
2225 2039
1525 1017
1526 1018
1527 1019
1533 1020
1536 1021
1537 1022
1540 1023
2097 1024
1544 1025
1545 1026
1547 1027
1549 2040
1550 1028
1555 1029
1556 1030
1557 1031
1561 1032
1562 1033
1565 1034
1566 1035
1567 1036
1569 1037
1570 1038
1573 1039
2147 1040
1579 1041
1581 1042
1582 1043
1583 1044
1584 1045
1586 1046
1589 1047
1590 1048
1593 1049
1601 1050
1602 1051
1604 1052
1606 1053
1607 1054
1608 1055
1612 1056
2146 1057
1615 1058
1616 1059
1617 1060
1618 1061
1619 1062
1622 1063
1623 1064
1624 1065
1625 1066
1628 1067
1633 1068
1634 1069
1636 1070
1637 1071
1644 1072
1645 1073
1653 1074
1656 1075
1658 1076
1660 1077
1663 2041
1665 1078
1666 1079
1669 1080
1675 1081
1682 1082
1683 1083
1687 1084
1688 1085
2507 1086
1690 1087
1693 1088
1695 1089
1697 1090
1698 1091
1699 1092
1703 1093
2332 1094
1706 1095
1708 1096
1713 1097
1715 1098
1718 1099
2258 1100
1722 1101
1723 1102
1724 1103
1726 1104
1728 1105
1732 1106
1734 1107
1737 1108
1740 1109
1743 1110
1745 2042
1746 1111
1748 1112
1750 1113
1752 1114
1753 1115
1754 1116
1762 1117
1764 1118
2206 1119
1768 2043
1771 2044
1772 1120
1773 1121
1776 1122
1778 1123
1782 2045
1785 1124
1787 1125
1788 1126
1789 1127
1791 1128
1792 1129
1793 1130
1795 1131
1800 1132
2348 1133
1803 1134
2235 1135
1805 1136
1806 1137
1807 1138
1812 1139
1814 1140
1815 1141
1816 1142
1817 1143
2379 2046
1821 1144
1822 1145
1824 1146
1825 1147
1827 1148
1829 1149
1830 1150
2353 2047
1833 1151
1834 1152
1835 1153
2354 2048
1841 1154
1842 1155
1844 1156
1846 1157
1847 1158
1849 1159
1850 1160
1853 1161
1857 1162
1860 1163
1862 1164
1863 1165
1864 1166
1865 1167
1869 1168
2701 1169
1872 1170
312 1171
1876 1172
1879 1173
1880 1174
1886 1175
1887 1176
1888 1177
1892 1178
1893 1179
1894 1180
2177 1181
1897 2049
1898 1182
1899 1183
1900 1184
1903 1185
1904 1186
1905 1187
1908 1188
1909 1189
2413 2050
1911 2051
1914 1190
319 1191
1916 1192
2368 1193
1923 1194
1924 1195
1837 2052
1926 1196
1927 1197
2028 1198
1933 1199
1935 1200
1937 2053
1938 1201
1939 1202
1942 2054
1948 1203
2373 1204
1955 1205
2374 1206
1958 2055
1961 1207
1963 1208
1964 2056
1967 1209
1970 1210
1973 1211
1975 2057
1977 1212
1980 1213
1987 1214
1990 2058
1993 1215
1996 1216
1998 1217
2000 2059
2003 1218
2004 1219
203 1220
2249 2060
2011 1221
2018 1222
2019 1223
2022 1224
2385 2061
2137 1225
2029 1226
2032 1227
2034 1228
2038 2062
2041 1229
2044 1230
2045 1231
2182 1232
